tree
version=v4
num_class=1
num_tree_per_iteration=1
label_index=0
max_feature_idx=99
objective=regression_l1
feature_names=Column_0 Column_1 Column_2 Column_3 Column_4 Column_5 Column_6 Column_7 Column_8 Column_9 Column_10 Column_11 Column_12 Column_13 Column_14 Column_15 Column_16 Column_17 Column_18 Column_19 Column_20 Column_21 Column_22 Column_23 Column_24 Column_25 Column_26 Column_27 Column_28 Column_29 Column_30 Column_31 Column_32 Column_33 Column_34 Column_35 Column_36 Column_37 Column_38 Column_39 Column_40 Column_41 Column_42 Column_43 Column_44 Column_45 Column_46 Column_47 Column_48 Column_49 Column_50 Column_51 Column_52 Column_53 Column_54 Column_55 Column_56 Column_57 Column_58 Column_59 Column_60 Column_61 Column_62 Column_63 Column_64 Column_65 Column_66 Column_67 Column_68 Column_69 Column_70 Column_71 Column_72 Column_73 Column_74 Column_75 Column_76 Column_77 Column_78 Column_79 Column_80 Column_81 Column_82 Column_83 Column_84 Column_85 Column_86 Column_87 Column_88 Column_89 Column_90 Column_91 Column_92 Column_93 Column_94 Column_95 Column_96 Column_97 Column_98 Column_99
feature_infos=none none none none none none none none none none none none none none none none [0:0.66484942718945472] none [0:0.47500656400060243] none none none none none none none none none [0:0.72316158306534706] [0:0.66484942718945472] none none [0:0.49768602062013251] none none [0:0.39840365047134524] none none [0:0.32799663078342073] [0:0.3449067496330267] [0:0.46688437172967034] none none none none none none none none none none none [0:0.53538419213979893] none none none [0:0.49976073981150893] none none [0:0.49768602062013251] none none none none none none none none none [0:0.56673439640241041] none none [0:0.87998225218258896] none none none none none none none none none [0:0.42622929008716565] [0:0.24811848376441492] none none none none [0:0.51420147867343757] none none [0:0.40798063993648448] none [0:1] [0:1] [0:1] [0:1] [0:1] [0:1] [0:1]
tree_sizes=627 735 678 766 777 805 834 750 871 751 752 833 832 832 938 848 849 849 894 924 910 829 831 849 920 921 921 921 921 922 920 922 920 920 921 920 922 922 922 921 922 922 922 922 921 923 923 922 920 923 921 921 921 923 920 922 923 922 923 921 924 922 925 925 925 926 926 926 927 927 926 927 927 926 926 926 926 927 927 927 927 925 927 928 928 927 930 929 929 930 932 932 931 929 934 932 934 933 934 934

Tree=0
num_leaves=6
num_cat=0
split_feature=96 69 16 56 83
split_gain=6.64523 3.03516 0.87535 0.466667 0.178571
threshold=1.0000000180025095e-35 0.21101188013221647 0.37022801750601758 1.0000000180025095e-35 1.0000000180025095e-35
decision_type=2 2 2 2 2
left_child=1 2 4 -3 -1
right_child=-2 3 -4 -5 -6
leaf_value=500000 600000 475000 490000 470000 500000
leaf_weight=10.000000000000005 4.9999999999999991 4.9999999999999982 2.9999999999999991 7 3.9999999999999991
leaf_count=10 5 5 3 7 4
internal_value=500000 500000 500000 500000 500000
internal_weight=34 29 17 12 14
internal_count=34 29 17 12 14
is_linear=0
shrinkage=1


Tree=1
num_leaves=8
num_cat=0
split_feature=56 35 72 16 18 69 38
split_gain=4.68382 3.3913 1.4087 0.4 0.833333 0.233333 0.208333
threshold=1.0000000180025095e-35 1.0000000180025095e-35 1.0000000180025095e-35 0.37022801750601758 0.15470374004458168 1.0000000180025095e-35 1.0000000180025095e-35
decision_type=2 2 2 2 2 2 2
left_child=1 2 3 4 5 -1 -2
right_child=6 -3 -4 -5 -6 -7 -8
leaf_value=0 -27000 -22500 90000 -9000 0 0 -27000
leaf_weight=7.0000000000000089 5 2.9999999999999991 4.9999999999999991 2.9999999999999991 4.9999999999999991 3 3
leaf_count=7 5 3 5 3 5 3 3
internal_value=-0.0205882 0 0.0130435 0 0.00666667 -0.01 -0.0875
internal_weight=34 26 23 18 15 10 8
internal_count=34 26 23 18 15 10 8
is_linear=0
shrinkage=0.1


Tree=2
num_leaves=7
num_cat=0
split_feature=69 56 72 18 99 18
split_gain=4.45633 1.86667 1.67701 1.51062 0.555556 0.408333
threshold=0.21101188013221647 1.0000000180025095e-35 1.0000000180025095e-35 1.0000000180025095e-35 1.0000000180025095e-35 0.18427202432779341
decision_type=2 2 2 2 2 2
left_child=2 -2 3 4 -1 -5
right_child=1 -3 -4 5 -6 -7
leaf_value=0 -20250 -24300 81000 0 950 -8100
leaf_weight=5.0000000000000009 4.9999999999999982 7 4.9999999999999991 5 4.0000000000000044 3
leaf_count=5 5 7 5 5 4 3
internal_value=-0.0176471 -0.0666667 0.00909091 -0.00588235 0.0222222 -0.0375
internal_weight=34 12 22 17 9 8
internal_count=34 12 22 17 9 8
is_linear=0
shrinkage=0.1


Tree=3
num_leaves=8
num_cat=0
split_feature=88 56 18 18 83 40 88
split_gain=4.54454 4.27059 1.43417 1.82857 0.992063 0.4 0.272222
threshold=1.0000000180025095e-35 1.0000000180025095e-35 0.33429601206444398 0.18427202432779341 0.19549030379727994 1.0000000180025095e-35 0.23221752464600717
decision_type=2 2 2 2 2 2 2
left_child=1 2 3 5 -2 -1 -6
right_child=4 -3 -4 -5 6 -7 -8
leaf_value=0 -21870 -21870 -7290 47900 -21870 0 -9112.5
leaf_weight=5.0000000000000053 4.9999999999999991 2.9999999999999991 2.9999999999999991 3.9999999999999991 4.9999999999999982 5 4
leaf_count=5 5 3 3 4 5 5 4
internal_value=-0.0205882 0.01 0.0294118 0.0428571 -0.0642857 0.02 -0.0444444
internal_weight=34 20 17 14 14 10 9
internal_count=34 20 17 14 14 10 9
is_linear=0
shrinkage=0.1


Tree=4
num_leaves=8
num_cat=0
split_feature=69 69 72 18 56 39 18
split_gain=5.59002 2.32536 2.03308 2.80519 1.86667 1.36742 0.125
threshold=0.21101188013221647 1.0000000180025095e-35 1.0000000180025095e-35 0.18427202432779341 1.0000000180025095e-35 1.0000000180025095e-35 1.0000000180025095e-35
decision_type=2 2 2 2 2 2 2
left_child=1 2 3 5 -2 6 -1
right_child=4 -3 -4 -5 -6 -7 -8
leaf_value=0 -16038 2092 68110 -6561 -19683 1805 0
leaf_weight=4.0000000000000053 4.9999999999999982 2.9999999999999991 4.9999999999999991 2.9999999999999991 7 2.9999999999999991 4
leaf_count=4 5 3 5 3 7 3 4
internal_value=-0.0117647 0.0181818 0.00526316 -0.0142857 -0.0666667 0.00909091 -0.0125
internal_weight=34 22 19 14 12 11 8
internal_count=34 22 19 14 12 11 8
is_linear=0
shrinkage=0.1


Tree=5
num_leaves=8
num_cat=0
split_feature=69 69 72 18 56 16 52
split_gain=5.00713 2.59091 2.44286 2.35714 1.86667 1.57143 0.0119048
threshold=0.21101188013221647 1.0000000180025095e-35 1.0000000180025095e-35 0.18427202432779341 1.0000000180025095e-35 1.0000000180025095e-35 1.0000000180025095e-35
decision_type=2 2 2 2 2 2 2
left_child=1 2 3 5 -2 6 -1
right_child=4 -3 -4 -5 -6 -7 -8
leaf_value=0 -14434.200000000001 1882.8000000000002 61299 -5904.9000000000005 -17714.700000000001 812.25 0
leaf_weight=4.0000000000000053 4.9999999999999982 2.9999999999999991 4.9999999999999991 2.9999999999999991 7 4 3
leaf_count=4 5 3 5 3 7 4 3
internal_value=-0.0147059 0.0136364 0 -0.0214286 -0.0666667 0 -0.0285714
internal_weight=34 22 19 14 12 11 7
internal_count=34 22 19 14 12 11 7
is_linear=0
shrinkage=0.1


Tree=6
num_leaves=8
num_cat=0
split_feature=69 69 72 18 56 52 16
split_gain=3.93761 3.16507 3.37519 3.5 1.86667 1.19048 0.190476
threshold=0.21101188013221647 1.0000000180025095e-35 1.0000000180025095e-35 1.0000000180025095e-35 1.0000000180025095e-35 1.0000000180025095e-35 1.0000000180025095e-35
decision_type=2 2 2 2 2 2 2
left_child=1 2 3 5 -2 -1 -5
right_child=4 -3 -4 6 -6 -7 -8
leaf_value=771.63750000000005 -12990.779999999999 1694.5200000000013 55169.100000000006 -2733.409999999998 -15943.23 0 -2697.8174999999992
leaf_weight=4.0000000000000053 4.9999999999999982 2.9999999999999991 4.9999999999999991 3 7 3 4
leaf_count=4 5 3 5 3 7 3 4
internal_value=-0.0205882 0.00454545 -0.0105263 -0.0357143 -0.0666667 0.0142857 -0.0857143
internal_weight=34 22 19 14 12 7 7
internal_count=34 22 19 14 12 7 7
is_linear=0
shrinkage=0.1


Tree=7
num_leaves=7
num_cat=0
split_feature=69 40 18 72 56 93
split_gain=4.45633 3.08877 4.47386 4.5 1.86667 0.555556
threshold=0.21101188013221647 1.0000000180025095e-35 0.18427202432779341 0.4305189124259679 1.0000000180025095e-35 1.0000000180025095e-35
decision_type=2 2 2 2 2 2
left_child=1 2 5 -4 -2 -1
right_child=4 -3 3 -5 -6 -7
leaf_value=934.6929999999993 -11691.702000000003 -77.163750000001173 -3752.348624999996 49652.190000000002 -14348.907000000001 273.34099999999745
leaf_weight=4.0000000000000053 4.9999999999999982 4.9999999999999991 4 4 7 5
leaf_count=4 5 5 4 4 7 5
internal_value=-0.0176471 0.00909091 0.0294118 -0.025 -0.0666667 0.0777778
internal_weight=34 22 17 8 12 9
internal_count=34 22 17 8 12 9
is_linear=0
shrinkage=0.1


Tree=8
num_leaves=8
num_cat=0
split_feature=69 56 69 72 18 93 52
split_gain=6.85205 1.86667 1.83732 1.32632 3.81818 4.84848 2.66667
threshold=0.21101188013221647 1.0000000180025095e-35 1.0000000180025095e-35 1.0000000180025095e-35 0.18427202432779341 1.0000000180025095e-35 1.0000000180025095e-35
decision_type=2 2 2 2 2 2 2
left_child=2 -2 3 4 5 6 -1
right_child=1 -3 -4 -5 -6 -7 -8
leaf_value=-69.447375000000463 -10522.531800000004 -12914.016300000001 1431.5986999999966 44686.970999999998 -4669.3933874999993 246.00689999999597 7.7163750000006992
leaf_weight=3.0000000000000053 4.9999999999999982 7 2.9999999999999991 4.9999999999999991 2.9999999999999991 5 3
leaf_count=3 5 7 3 5 3 5 3
internal_value=-0.00588235 -0.0666667 0.0272727 0.0157895 0 0.0272727 -0.0333333
internal_weight=34 12 22 19 14 11 6
internal_count=34 12 22 19 14 11 6
is_linear=0
shrinkage=0.1


Tree=9
num_leaves=7
num_cat=0
split_feature=69 18 72 40 56 93
split_gain=5.59002 2.34416 4.5 3.07302 1.86667 0.555556
threshold=0.21101188013221647 0.18427202432779341 0.4305189124259679 1.0000000180025095e-35 1.0000000180025095e-35 1.0000000180025095e-35
decision_type=2 2 2 2 2 2
left_child=1 3 -3 5 -2 -1
right_child=4 2 -4 -5 -6 -7
leaf_value=698.06382999999914 -9470.2786200000028 -4321.8631431249987 40218.273900000007 -62.502637500001583 -11622.614669999999 221.40620999999811
leaf_weight=4.0000000000000018 4.9999999999999982 4 4 4.9999999999999991 7 5
leaf_count=4 5 4 4 5 7 5
internal_value=-0.0117647 0.0181818 -0.025 0.0428571 -0.0666667 0.0777778
internal_weight=34 22 8 14 12 9
internal_count=34 22 8 14 12 9
is_linear=0
shrinkage=0.1


Tree=10
num_leaves=7
num_cat=0
split_feature=69 18 72 40 56 93
split_gain=5.59002 2.34416 4.5 3.07302 1.86667 0.555556
threshold=0.21101188013221647 0.18427202432779341 0.4305189124259679 1.0000000180025095e-35 1.0000000180025095e-35 1.0000000180025095e-35
decision_type=2 2 2 2 2 2
left_child=1 3 -3 5 -2 -1
right_child=4 2 -4 -5 -6 -7
leaf_value=628.25744699999927 -8523.2507580000038 -3889.6768288124995 36196.446510000016 -56.252373750001425 -10460.353203000001 199.26558899999947
leaf_weight=4.0000000000000018 4.9999999999999982 4 4 4.9999999999999991 7 5
leaf_count=4 5 4 4 5 7 5
internal_value=-0.0117647 0.0181818 -0.025 0.0428571 -0.0666667 0.0777778
internal_weight=34 22 8 14 12 9
internal_count=34 22 8 14 12 9
is_linear=0
shrinkage=0.1


Tree=11
num_leaves=8
num_cat=0
split_feature=69 56 18 72 93 52 69
split_gain=4.45633 1.86667 1.46104 4.5 3.96825 0.888889 2.66667
threshold=0.21101188013221647 1.0000000180025095e-35 0.18427202432779341 0.4305189124259679 1.0000000180025095e-35 1.0000000180025095e-35 1.0000000180025095e-35
decision_type=2 2 2 2 2 2 2
left_child=2 -2 4 -4 5 6 -1
right_child=1 -3 3 -5 -6 -7 -8
leaf_value=-50.627136374998372 -7670.9256822000025 -9414.3178827000029 -3500.7091459312505 32576.801859000025 179.33903009999779 18.820238625002094 1155.8067022999983
leaf_weight=3.0000000000000018 4.9999999999999982 7 4 4 4.9999999999999991 3 3
leaf_count=3 5 7 4 4 5 3 3
internal_value=-0.0176471 -0.0666667 0.00909091 -0.025 0.0285714 -0.0111111 -0.0333333
internal_weight=34 12 22 8 14 9 6
internal_count=34 12 22 8 14 9 6
is_linear=0
shrinkage=0.1


Tree=12
num_leaves=8
num_cat=0
split_feature=69 56 18 72 93 52 69
split_gain=4.45633 1.86667 1.46104 4.5 3.96825 0.888889 2.66667
threshold=0.21101188013221647 1.0000000180025095e-35 0.18427202432779341 0.4305189124259679 1.0000000180025095e-35 1.0000000180025095e-35 1.0000000180025095e-35
decision_type=2 2 2 2 2 2 2
left_child=2 -2 4 -4 5 6 -1
right_child=1 -3 3 -5 -6 -7 -8
leaf_value=-45.564422737498539 -6903.833113980003 -8472.8860944300013 -3150.6382313381241 29319.121673100024 161.40512709000032 16.938214762503048 1040.2260320700007
leaf_weight=3.0000000000000018 4.9999999999999982 7 4 4 4.9999999999999991 3 3
leaf_count=3 5 7 4 4 5 3 3
internal_value=-0.0176471 -0.0666667 0.00909091 -0.025 0.0285714 -0.0111111 -0.0333333
internal_weight=34 12 22 8 14 9 6
internal_count=34 12 22 8 14 9 6
is_linear=0
shrinkage=0.1


Tree=13
num_leaves=8
num_cat=0
split_feature=69 56 18 72 93 52 69
split_gain=4.45633 1.86667 1.46104 4.5 3.96825 0.888889 2.66667
threshold=0.21101188013221647 1.0000000180025095e-35 0.18427202432779341 0.4305189124259679 1.0000000180025095e-35 1.0000000180025095e-35 1.0000000180025095e-35
decision_type=2 2 2 2 2 2 2
left_child=2 -2 4 -4 5 6 -1
right_child=1 -3 3 -5 -6 -7 -8
leaf_value=-41.007980463746939 -6213.4498025820012 -7625.5974849870026 -2835.5744082043125 26387.20950579003 145.26461438100088 15.244393286254491 936.20342886300068
leaf_weight=3.0000000000000018 4.9999999999999982 7 4 4 4.9999999999999991 3 3
leaf_count=3 5 7 4 4 5 3 3
internal_value=-0.0176471 -0.0666667 0.00909091 -0.025 0.0285714 -0.0111111 -0.0333333
internal_weight=34 12 22 8 14 9 6
internal_count=34 12 22 8 14 9 6
is_linear=0
shrinkage=0.1


Tree=14
num_leaves=9
num_cat=0
split_feature=69 56 99 18 88 18 52 16
split_gain=5.59002 1.86667 1.30692 2.18803 5.55556 0.888889 2.66667 0.666667
threshold=0.21101188013221647 1.0000000180025095e-35 1.0000000180025095e-35 1.0000000180025095e-35 1.0000000180025095e-35 0.22370782406478326 1.0000000180025095e-35 1.0000000180025095e-35
decision_type=2 2 2 2 2 2 2 2
left_child=2 -2 5 -4 7 6 -1 -5
right_child=1 -3 3 4 -6 -7 -8 -9
leaf_value=-36.907182417373406 -5592.1048223238031 -6863.0377364883025 1467.0084029429011 151.9513769911253 -20974.607873008878 23748.488555211017 13.719953957630787 45.953902942902644
leaf_weight=2.9999999999999982 4.9999999999999982 7 4.0000000000000027 2.9999999999999982 3 3 3 3
leaf_count=3 5 7 4 3 3 3 3 3
internal_value=-0.0117647 -0.0666667 0.0181818 0.0384615 0.0111111 -0.0111111 -0.0333333 0.0666667
internal_weight=34 12 22 13 9 9 6 6
internal_count=34 12 22 13 9 9 6 6
is_linear=0
shrinkage=0.1


Tree=15
num_leaves=8
num_cat=0
split_feature=69 99 16 56 18 52 83
split_gain=6.85205 2.24398 2.9641 1.86667 0.888889 2.66667 0.6
threshold=0.21101188013221647 1.0000000180025095e-35 0.37022801750601758 1.0000000180025095e-35 0.22370782406478326 1.0000000180025095e-35 1.0000000180025095e-35
decision_type=2 2 2 2 2 2 2
left_child=1 4 6 -2 5 -1 -3
right_child=3 2 -4 -5 -6 -7 -8
leaf_value=-33.216464175633156 -5032.8943400914204 126.1496272679011 -2437.2032633031663 -6176.733962839473 21373.639699689906 12.347958561865381 1227.5880594799964
leaf_weight=2.9999999999999982 4.9999999999999982 6.0000000000000018 2.9999999999999991 7 3 3 4
leaf_count=3 5 6 3 7 3 3 4
internal_value=-0.00588235 0.0272727 0.0538462 -0.0666667 -0.0111111 -0.0333333 0.08
internal_weight=34 22 13 12 9 6 10
internal_count=34 22 13 12 9 6 10
is_linear=0
shrinkage=0.1


Tree=16
num_leaves=8
num_cat=0
split_feature=69 99 16 56 18 52 83
split_gain=6.85205 2.24398 2.9641 1.86667 0.888889 2.66667 0.6
threshold=0.21101188013221647 1.0000000180025095e-35 0.37022801750601758 1.0000000180025095e-35 0.22370782406478326 1.0000000180025095e-35 1.0000000180025095e-35
decision_type=2 2 2 2 2 2 2
left_child=1 4 6 -2 5 -1 -3
right_child=3 2 -4 -5 -6 -7 -8
leaf_value=-29.894817758072168 -4529.6049060822761 113.5346645411104 -2193.4829369728513 -5559.0605665555258 19236.275729720925 11.113162705680589 1104.8292535319954
leaf_weight=2.9999999999999982 4.9999999999999982 6.0000000000000018 2.9999999999999991 7 3 3 4
leaf_count=3 5 6 3 7 3 3 4
internal_value=-0.00588235 0.0272727 0.0538462 -0.0666667 -0.0111111 -0.0333333 0.08
internal_weight=34 22 13 12 9 6 10
internal_count=34 22 13 12 9 6 10
is_linear=0
shrinkage=0.1


Tree=17
num_leaves=8
num_cat=0
split_feature=69 99 16 56 18 52 83
split_gain=6.85205 2.24398 2.9641 1.86667 0.888889 2.66667 0.6
threshold=0.21101188013221647 1.0000000180025095e-35 0.37022801750601758 1.0000000180025095e-35 0.22370782406478326 1.0000000180025095e-35 1.0000000180025095e-35
decision_type=2 2 2 2 2 2 2
left_child=1 4 6 -2 5 -1 -3
right_child=3 2 -4 -5 -6 -7 -8
leaf_value=-26.905335982266116 -4076.6444154740489 102.18119808699703 -1974.1346432755645 -5003.1545098999723 17312.64815674883 10.001846435113112 994.34632817879617
leaf_weight=2.9999999999999982 4.9999999999999982 6.0000000000000018 2.9999999999999991 7 3 3 4
leaf_count=3 5 6 3 7 3 3 4
internal_value=-0.00588235 0.0272727 0.0538462 -0.0666667 -0.0111111 -0.0333333 0.08
internal_weight=34 22 13 12 9 6 10
internal_count=34 22 13 12 9 6 10
is_linear=0
shrinkage=0.1


Tree=18
num_leaves=9
num_cat=0
split_feature=69 83 99 16 18 52 69 83
split_gain=4.63636 3 2.24398 2.9641 0.888889 2.66667 0.666667 0.6
threshold=0.21101188013221647 0.21352264981321173 1.0000000180025095e-35 0.37022801750601758 0.22370782406478326 1.0000000180025095e-35 0.41272767188727361 1.0000000180025095e-35
decision_type=2 2 2 2 2 2 2 2
left_child=2 -2 4 7 5 -1 -3 -4
right_child=1 6 3 -5 -6 -7 -8 -9
leaf_value=-24.214802384038922 -4502.8390589099754 -4944.7299739266455 91.963078278297331 -1776.7211789480061 15581.383341073944 9.0016617916000552 497.16094109002444 894.91169536091911
leaf_weight=2.9999999999999982 5.9999999999999982 3 6.0000000000000018 2.9999999999999991 3 3 3 4
leaf_count=3 6 3 6 3 3 3 3 4
internal_value=0 -0.05 0.0272727 0.0538462 -0.0111111 -0.0333333 0 0.08
internal_weight=34 12 22 13 9 6 6 10
internal_count=34 12 22 13 9 6 6 10
is_linear=0
shrinkage=0.1


Tree=19
num_leaves=9
num_cat=0
split_feature=69 83 69 72 18 93 52 69
split_gain=2.71123 3 2.87081 1.54737 2.17778 3.55556 2.66667 0.666667
threshold=0.21101188013221647 0.21352264981321173 1.0000000180025095e-35 0.4305189124259679 0.1738845621851173 1.0000000180025095e-35 1.0000000180025095e-35 0.41272767188727361
decision_type=2 2 2 2 2 2 2 2
left_child=2 -2 3 4 5 6 -1 -3
right_child=1 7 -4 -5 -6 -7 -8 -9
leaf_value=-21.793322145636196 -4052.5551530189787 -4450.256976533984 1337.1263396224183 14023.245006966545 -800.53670261101217 1420.4247058311769 8.1014956124417949 447.44484698102173
leaf_weight=3.0000000000000053 5.9999999999999982 3 2.9999999999999991 3.9999999999999991 5.9999999999999991 3 3 3
leaf_count=3 6 3 3 4 6 3 3 3
internal_value=-0.0117647 -0.05 0.00909091 -0.00526316 -0.02 0.0111111 -0.0333333 0
internal_weight=34 12 22 19 15 9 6 6
internal_count=34 12 22 19 15 9 6 6
is_linear=0
shrinkage=0.1


Tree=20
num_leaves=9
num_cat=0
split_feature=69 83 69 72 93 52 16 69
split_gain=3.60963 3 2.32536 1.01404 1.71905 3.04762 1.63333 0.666667
threshold=0.21101188013221647 0.21352264981321173 1.0000000180025095e-35 0.4305189124259679 1.0000000180025095e-35 1.0000000180025095e-35 0.37022801750601758 0.41272767188727361
decision_type=2 2 2 2 2 2 2 2
left_child=2 -2 3 4 5 -1 -6 -3
right_child=1 7 -4 -5 6 -7 -8 -9
leaf_value=-1297.9362605785632 -3647.2996377170816 -4005.2312788805866 1203.4137056601758 12620.920506269882 78.029326092283014 7.2913460511947052 -1518.9953907921038 402.70036228291866
leaf_weight=4.0000000000000044 5.9999999999999982 3 2.9999999999999991 3.9999999999999991 5 3 3 3
leaf_count=4 6 3 3 4 5 3 3 3
internal_value=-0.00588235 -0.05 0.0181818 0.00526316 -0.00666667 -0.0428571 0.025 0
internal_weight=34 12 22 19 15 7 8 6
internal_count=34 12 22 19 15 7 8 6
is_linear=0
shrinkage=0.1


Tree=21
num_leaves=8
num_cat=0
split_feature=69 83 18 72 18 39 69
split_gain=5.79144 3 2.61228 1.03419 1.08889 0.888889 0.666667
threshold=0.21101188013221647 0.21352264981321173 1.0000000180025095e-35 0.4305189124259679 0.18427202432779341 1.0000000180025095e-35 0.41272767188727361
decision_type=2 2 2 2 2 2 2
left_child=2 -2 5 4 -4 -1 -3
right_child=1 6 3 -5 -6 -7 -8
leaf_value=64.920171812883936 -3282.5696739453738 -3604.708150992531 70.22639348305529 11358.828455642892 -1906.7803784405464 1270.5793026388333 362.43032605462651
leaf_weight=6.0000000000000018 5.9999999999999982 3 4.9999999999999982 3.9999999999999991 4 3 3
leaf_count=6 6 3 5 4 4 3 3
internal_value=0.00588235 -0.05 0.0363636 0.00769231 -0.0111111 0.0777778 0
internal_weight=34 12 22 13 9 9 6
internal_count=34 12 22 13 9 9 6
is_linear=0
shrinkage=0.1


Tree=22
num_leaves=8
num_cat=0
split_feature=69 83 18 72 18 39 69
split_gain=5.79144 3 2.61228 1.03419 1.08889 0.888889 0.666667
threshold=0.21101188013221647 0.21352264981321173 1.0000000180025095e-35 0.4305189124259679 0.18427202432779341 1.0000000180025095e-35 0.41272767188727361
decision_type=2 2 2 2 2 2 2
left_child=2 -2 5 4 -4 -1 -3
right_child=1 6 3 -5 -6 -7 -8
leaf_value=58.428154631596414 -2954.3127065508365 -3244.2373358932791 63.203754134749765 10222.945610078612 -1716.1023405964925 1143.5213723749505 326.18729344916358
leaf_weight=6.0000000000000018 5.9999999999999982 3 4.9999999999999982 3.9999999999999991 4 3 3
leaf_count=6 6 3 5 4 4 3 3
internal_value=0.00588235 -0.05 0.0363636 0.00769231 -0.0111111 0.0777778 0
internal_weight=34 12 22 13 9 9 6
internal_count=34 12 22 13 9 9 6
is_linear=0
shrinkage=0.1


Tree=23
num_leaves=8
num_cat=0
split_feature=69 52 18 83 72 18 69
split_gain=3.60963 4.85167 3.49798 3 1.03419 1.08889 0.666667
threshold=0.21101188013221647 1.0000000180025095e-35 1.0000000180025095e-35 0.21352264981321173 0.4305189124259679 0.18427202432779341 0.41272767188727361
decision_type=2 2 2 2 2 2 2
left_child=1 2 -1 -2 5 -4 -5
right_child=3 -3 4 6 -6 -7 -8
leaf_value=563.50701930989749 -2658.881435895752 -5.7726211983710529 56.88337872127304 -2919.8136023039524 9200.6510490707587 -1544.4921065368428 293.56856410424808
leaf_weight=6.0000000000000062 5.9999999999999982 2.9999999999999991 4.9999999999999982 3 3.9999999999999991 4 3
leaf_count=6 6 3 5 3 4 4 3
internal_value=-0.00588235 0.0181818 0.0368421 -0.05 0.00769231 -0.0111111 0
internal_weight=34 22 19 12 13 9 6
internal_count=34 22 19 12 13 9 6
is_linear=0
shrinkage=0.1


Tree=24
num_leaves=9
num_cat=0
split_feature=18 69 52 18 18 72 38 88
split_gain=3.77184 3.49091 4 2 1.77778 1.08889 0.933333 0.666667
threshold=0.1738845621851173 0.21101188013221647 1.0000000180025095e-35 1.0000000180025095e-35 0.18427202432779341 0.4305189124259679 0.30885963566050584 1.0000000180025095e-35
decision_type=2 2 2 2 2 2 2 2
left_child=1 2 3 7 -2 -6 -3 -1
right_child=4 6 -4 -5 5 -7 -8 -9
leaf_value=41.494101551349743 51.195040849148064 -2392.9932923061774 -5.1953590785327837 -96.716597399895548 -850.3583691555018 8280.585944163684 -1559.1342073228502 972.81853320646337
leaf_weight=3.0000000000000018 2.9999999999999991 6.9999999999999982 2.9999999999999991 3 4.9999999999999982 4 3 3
leaf_count=3 3 7 3 3 5 4 3 3
internal_value=-0.0117647 -0.0363636 0 0.0333333 0.0333333 0.0111111 -0.08 0.0666667
internal_weight=34 22 12 9 12 9 10 6
internal_count=34 22 12 9 12 9 10 6
is_linear=0
shrinkage=0.1


Tree=25
num_leaves=9
num_cat=0
split_feature=18 69 52 18 18 72 38 88
split_gain=3.77184 3.49091 4 2 1.77778 1.08889 0.933333 0.666667
threshold=0.1738845621851173 0.21101188013221647 1.0000000180025095e-35 1.0000000180025095e-35 0.18427202432779341 0.4305189124259679 0.30885963566050584 1.0000000180025095e-35
decision_type=2 2 2 2 2 2 2 2
left_child=1 2 3 7 -2 -6 -3 -1
right_child=4 6 -4 -5 5 -7 -8 -9
leaf_value=37.344691396213605 46.07553676423268 -2153.6939630755601 -4.6758231706800872 -87.044937659904832 -765.32253223995212 7452.5273497473218 -1403.2207865905657 875.53667988581583
leaf_weight=3.0000000000000018 2.9999999999999991 6.9999999999999982 2.9999999999999991 3 4.9999999999999982 4 3 3
leaf_count=3 3 7 3 3 5 4 3 3
internal_value=-0.0117647 -0.0363636 0 0.0333333 0.0333333 0.0111111 -0.08 0.0666667
internal_weight=34 22 12 9 12 9 10 6
internal_count=34 22 12 9 12 9 10 6
is_linear=0
shrinkage=0.1


Tree=26
num_leaves=9
num_cat=0
split_feature=18 69 52 18 18 72 38 88
split_gain=3.77184 3.49091 4 2 1.77778 1.08889 0.933333 0.666667
threshold=0.1738845621851173 0.21101188013221647 1.0000000180025095e-35 1.0000000180025095e-35 0.18427202432779341 0.4305189124259679 0.30885963566050584 1.0000000180025095e-35
decision_type=2 2 2 2 2 2 2 2
left_child=1 2 3 7 -2 -6 -3 -1
right_child=4 6 -4 -5 5 -7 -8 -9
leaf_value=33.610222256591079 41.467983087809991 -1938.3245667680051 -4.2082408536109144 -78.340443893912024 -688.79027901595691 6707.2746147725966 -1262.898707931512 787.98301189723429
leaf_weight=3.0000000000000018 2.9999999999999991 6.9999999999999982 2.9999999999999991 3 4.9999999999999982 4 3 3
leaf_count=3 3 7 3 3 5 4 3 3
internal_value=-0.0117647 -0.0363636 0 0.0333333 0.0333333 0.0111111 -0.08 0.0666667
internal_weight=34 22 12 9 12 9 10 6
internal_count=34 22 12 9 12 9 10 6
is_linear=0
shrinkage=0.1


Tree=27
num_leaves=9
num_cat=0
split_feature=18 69 52 18 18 72 38 88
split_gain=3.77184 3.49091 4 2 1.77778 1.08889 0.933333 0.666667
threshold=0.1738845621851173 0.21101188013221647 1.0000000180025095e-35 1.0000000180025095e-35 0.18427202432779341 0.4305189124259679 0.30885963566050584 1.0000000180025095e-35
decision_type=2 2 2 2 2 2 2 2
left_child=1 2 3 7 -2 -6 -3 -1
right_child=4 6 -4 -5 5 -7 -8 -9
leaf_value=30.249200030934301 37.321184779028407 -1744.4921100912034 -3.7874167682486588 -70.506399504520232 -619.91125111436122 6036.5471532953443 -1136.608837138361 709.18471070750968
leaf_weight=3.0000000000000018 2.9999999999999991 6.9999999999999982 2.9999999999999991 3 4.9999999999999982 4 3 3
leaf_count=3 3 7 3 3 5 4 3 3
internal_value=-0.0117647 -0.0363636 0 0.0333333 0.0333333 0.0111111 -0.08 0.0666667
internal_weight=34 22 12 9 12 9 10 6
internal_count=34 22 12 9 12 9 10 6
is_linear=0
shrinkage=0.1


Tree=28
num_leaves=9
num_cat=0
split_feature=18 69 52 18 18 72 38 88
split_gain=3.77184 3.49091 4 2 1.77778 1.08889 0.933333 0.666667
threshold=0.1738845621851173 0.21101188013221647 1.0000000180025095e-35 1.0000000180025095e-35 0.18427202432779341 0.4305189124259679 0.30885963566050584 1.0000000180025095e-35
decision_type=2 2 2 2 2 2 2 2
left_child=1 2 3 7 -2 -6 -3 -1
right_child=4 6 -4 -5 5 -7 -8 -9
leaf_value=27.224280027841452 33.589066301123239 -1570.0428990820831 -3.4086750914226287 -63.455759554065303 -557.92012600292219 5432.8924379658192 -1022.9479534245243 638.2662396367582
leaf_weight=3.0000000000000018 2.9999999999999991 6.9999999999999982 2.9999999999999991 3 4.9999999999999982 4 3 3
leaf_count=3 3 7 3 3 5 4 3 3
internal_value=-0.0117647 -0.0363636 0 0.0333333 0.0333333 0.0111111 -0.08 0.0666667
internal_weight=34 22 12 9 12 9 10 6
internal_count=34 22 12 9 12 9 10 6
is_linear=0
shrinkage=0.1


Tree=29
num_leaves=9
num_cat=0
split_feature=18 69 52 18 18 72 38 88
split_gain=3.77184 3.49091 4 2 1.77778 1.08889 0.933333 0.666667
threshold=0.1738845621851173 0.21101188013221647 1.0000000180025095e-35 1.0000000180025095e-35 0.18427202432779341 0.4305189124259679 0.30885963566050584 1.0000000180025095e-35
decision_type=2 2 2 2 2 2 2 2
left_child=1 2 3 7 -2 -6 -3 -1
right_child=4 6 -4 -5 5 -7 -8 -9
leaf_value=24.501852025056724 30.230159671010917 -1413.0386091738737 -3.0678075822826942 -57.110183598659937 -502.12811340262999 4889.6031941692345 -920.65315808207095 574.43961567308293
leaf_weight=3.0000000000000018 2.9999999999999991 6.9999999999999982 2.9999999999999991 3 4.9999999999999982 4 3 3
leaf_count=3 3 7 3 3 5 4 3 3
internal_value=-0.0117647 -0.0363636 0 0.0333333 0.0333333 0.0111111 -0.08 0.0666667
internal_weight=34 22 12 9 12 9 10 6
internal_count=34 22 12 9 12 9 10 6
is_linear=0
shrinkage=0.1


Tree=30
num_leaves=9
num_cat=0
split_feature=18 69 52 18 18 72 38 88
split_gain=3.77184 3.49091 4 2 1.77778 1.08889 0.933333 0.666667
threshold=0.1738845621851173 0.21101188013221647 1.0000000180025095e-35 1.0000000180025095e-35 0.18427202432779341 0.4305189124259679 0.30885963566050584 1.0000000180025095e-35
decision_type=2 2 2 2 2 2 2 2
left_child=1 2 3 7 -2 -6 -3 -1
right_child=4 6 -4 -5 5 -7 -8 -9
leaf_value=22.051666822552217 27.207143703912152 -1271.734748256486 -2.7610268240561711 -51.399165238795106 -451.91530206236644 4400.6428747523114 -828.58784227386354 516.9956541057735
leaf_weight=3.0000000000000018 2.9999999999999991 6.9999999999999982 2.9999999999999991 3 4.9999999999999982 4 3 3
leaf_count=3 3 7 3 3 5 4 3 3
internal_value=-0.0117647 -0.0363636 0 0.0333333 0.0333333 0.0111111 -0.08 0.0666667
internal_weight=34 22 12 9 12 9 10 6
internal_count=34 22 12 9 12 9 10 6
is_linear=0
shrinkage=0.1


Tree=31
num_leaves=9
num_cat=0
split_feature=18 69 52 18 18 72 38 88
split_gain=3.77184 3.49091 4 2 1.77778 1.08889 0.933333 0.666667
threshold=0.1738845621851173 0.21101188013221647 1.0000000180025095e-35 1.0000000180025095e-35 0.18427202432779341 0.4305189124259679 0.30885963566050584 1.0000000180025095e-35
decision_type=2 2 2 2 2 2 2 2
left_child=1 2 3 7 -2 -6 -3 -1
right_child=4 6 -4 -5 5 -7 -8 -9
leaf_value=19.846500140294665 24.486429333523848 -1144.5612734308379 -2.4849241416493899 -46.259248714917341 -406.72377185613152 3960.5785872770707 -745.72905804647598 465.29608869519438
leaf_weight=3.0000000000000018 2.9999999999999991 6.9999999999999982 2.9999999999999991 3 4.9999999999999982 4 3 3
leaf_count=3 3 7 3 3 5 4 3 3
internal_value=-0.0117647 -0.0363636 0 0.0333333 0.0333333 0.0111111 -0.08 0.0666667
internal_weight=34 22 12 9 12 9 10 6
internal_count=34 22 12 9 12 9 10 6
is_linear=0
shrinkage=0.1


Tree=32
num_leaves=9
num_cat=0
split_feature=18 69 52 18 18 72 38 88
split_gain=3.77184 3.49091 4 2 1.77778 1.08889 0.933333 0.666667
threshold=0.1738845621851173 0.21101188013221647 1.0000000180025095e-35 1.0000000180025095e-35 0.18427202432779341 0.4305189124259679 0.30885963566050584 1.0000000180025095e-35
decision_type=2 2 2 2 2 2 2 2
left_child=1 2 3 7 -2 -6 -3 -1
right_child=4 6 -4 -5 5 -7 -8 -9
leaf_value=17.86185012626229 22.037786400172628 -1030.1051460877527 -2.2364317274827044 -41.633323843427938 -366.05139467052072 3564.5207285493616 -671.15615224182841 418.7664798256767
leaf_weight=3.0000000000000018 2.9999999999999991 6.9999999999999982 2.9999999999999991 3 4.9999999999999982 4 3 3
leaf_count=3 3 7 3 3 5 4 3 3
internal_value=-0.0117647 -0.0363636 0 0.0333333 0.0333333 0.0111111 -0.08 0.0666667
internal_weight=34 22 12 9 12 9 10 6
internal_count=34 22 12 9 12 9 10 6
is_linear=0
shrinkage=0.1


Tree=33
num_leaves=9
num_cat=0
split_feature=18 69 52 18 18 72 38 88
split_gain=3.77184 3.49091 4 2 1.77778 1.08889 0.933333 0.666667
threshold=0.1738845621851173 0.21101188013221647 1.0000000180025095e-35 1.0000000180025095e-35 0.18427202432779341 0.4305189124259679 0.30885963566050584 1.0000000180025095e-35
decision_type=2 2 2 2 2 2 2 2
left_child=1 2 3 7 -2 -6 -3 -1
right_child=4 6 -4 -5 5 -7 -8 -9
leaf_value=16.07566511363839 19.834007760154783 -927.09463147897623 -2.0127885547350162 -37.469991459086309 -329.4462552034704 3208.0686556944161 -604.04053701764497 376.88983184311076
leaf_weight=3.0000000000000018 2.9999999999999991 6.9999999999999982 2.9999999999999991 3 4.9999999999999982 4 3 3
leaf_count=3 3 7 3 3 5 4 3 3
internal_value=-0.0117647 -0.0363636 0 0.0333333 0.0333333 0.0111111 -0.08 0.0666667
internal_weight=34 22 12 9 12 9 10 6
internal_count=34 22 12 9 12 9 10 6
is_linear=0
shrinkage=0.1


Tree=34
num_leaves=9
num_cat=0
split_feature=18 69 52 18 18 72 38 88
split_gain=3.77184 3.49091 4 2 1.77778 1.08889 0.933333 0.666667
threshold=0.1738845621851173 0.21101188013221647 1.0000000180025095e-35 1.0000000180025095e-35 0.18427202432779341 0.4305189124259679 0.30885963566050584 1.0000000180025095e-35
decision_type=2 2 2 2 2 2 2 2
left_child=1 2 3 7 -2 -6 -3 -1
right_child=4 6 -4 -5 5 -7 -8 -9
leaf_value=14.468098602275132 17.850606984138722 -834.3851683310786 -1.8115096992638429 -33.722992313175929 -296.50162968312509 2887.2617901249791 -543.63648331587899 339.20084865880199
leaf_weight=3.0000000000000018 2.9999999999999991 6.9999999999999982 2.9999999999999991 3 4.9999999999999982 4 3 3
leaf_count=3 3 7 3 3 5 4 3 3
internal_value=-0.0117647 -0.0363636 0 0.0333333 0.0333333 0.0111111 -0.08 0.0666667
internal_weight=34 22 12 9 12 9 10 6
internal_count=34 22 12 9 12 9 10 6
is_linear=0
shrinkage=0.1


Tree=35
num_leaves=9
num_cat=0
split_feature=18 69 52 18 18 72 38 88
split_gain=3.77184 3.49091 4 2 1.77778 1.08889 0.933333 0.666667
threshold=0.1738845621851173 0.21101188013221647 1.0000000180025095e-35 1.0000000180025095e-35 0.18427202432779341 0.4305189124259679 0.30885963566050584 1.0000000180025095e-35
decision_type=2 2 2 2 2 2 2 2
left_child=1 2 3 7 -2 -6 -3 -1
right_child=4 6 -4 -5 5 -7 -8 -9
leaf_value=13.021288742049364 16.06554628572194 -750.9466514979722 -1.6303587293368764 -30.350693081860666 -266.85146671481198 2598.5356111124856 -489.27283498429171 305.28076379292179
leaf_weight=3.0000000000000018 2.9999999999999991 6.9999999999999982 2.9999999999999991 3 4.9999999999999982 4 3 3
leaf_count=3 3 7 3 3 5 4 3 3
internal_value=-0.0117647 -0.0363636 0 0.0333333 0.0333333 0.0111111 -0.08 0.0666667
internal_weight=34 22 12 9 12 9 10 6
internal_count=34 22 12 9 12 9 10 6
is_linear=0
shrinkage=0.1


Tree=36
num_leaves=9
num_cat=0
split_feature=18 69 52 18 18 72 38 88
split_gain=3.77184 3.49091 4 2 1.77778 1.08889 0.933333 0.666667
threshold=0.1738845621851173 0.21101188013221647 1.0000000180025095e-35 1.0000000180025095e-35 0.18427202432779341 0.4305189124259679 0.30885963566050584 1.0000000180025095e-35
decision_type=2 2 2 2 2 2 2 2
left_child=1 2 3 7 -2 -6 -3 -1
right_child=4 6 -4 -5 5 -7 -8 -9
leaf_value=11.719159867847338 14.458991657150911 -675.85198634817505 -1.4673228564031888 -27.315623773675181 -240.16632004333078 2338.6820500012486 -440.34555148586225 274.75268741362964
leaf_weight=3.0000000000000018 2.9999999999999991 6.9999999999999982 2.9999999999999991 3 4.9999999999999982 4 3 3
leaf_count=3 3 7 3 3 5 4 3 3
internal_value=-0.0117647 -0.0363636 0 0.0333333 0.0333333 0.0111111 -0.08 0.0666667
internal_weight=34 22 12 9 12 9 10 6
internal_count=34 22 12 9 12 9 10 6
is_linear=0
shrinkage=0.1


Tree=37
num_leaves=9
num_cat=0
split_feature=18 69 52 18 18 72 38 88
split_gain=3.77184 3.49091 4 2 1.77778 1.08889 0.933333 0.666667
threshold=0.1738845621851173 0.21101188013221647 1.0000000180025095e-35 1.0000000180025095e-35 0.18427202432779341 0.4305189124259679 0.30885963566050584 1.0000000180025095e-35
decision_type=2 2 2 2 2 2 2 2
left_child=1 2 3 7 -2 -6 -3 -1
right_child=4 6 -4 -5 5 -7 -8 -9
leaf_value=10.547243881062606 13.013092491438147 -608.26678771335867 -1.3205905707611238 -24.584061396308243 -216.14968803899831 2104.8138450011147 -396.31099633727575 247.27741867226433
leaf_weight=3.0000000000000018 2.9999999999999991 6.9999999999999982 2.9999999999999991 3 4.9999999999999982 4 3 3
leaf_count=3 3 7 3 3 5 4 3 3
internal_value=-0.0117647 -0.0363636 0 0.0333333 0.0333333 0.0111111 -0.08 0.0666667
internal_weight=34 22 12 9 12 9 10 6
internal_count=34 22 12 9 12 9 10 6
is_linear=0
shrinkage=0.1


Tree=38
num_leaves=9
num_cat=0
split_feature=18 69 52 18 18 72 38 88
split_gain=3.77184 3.49091 4 2 1.77778 1.08889 0.933333 0.666667
threshold=0.1738845621851173 0.21101188013221647 1.0000000180025095e-35 1.0000000180025095e-35 0.18427202432779341 0.4305189124259679 0.30885963566050584 1.0000000180025095e-35
decision_type=2 2 2 2 2 2 2 2
left_child=1 2 3 7 -2 -6 -3 -1
right_child=4 6 -4 -5 5 -7 -8 -9
leaf_value=9.4925194929586727 11.711783242295496 -547.44010894202222 -1.1885315136867576 -22.125655256677419 -194.53471923510079 1894.3324605009984 -356.67989670354876 222.54967680503614
leaf_weight=3.0000000000000018 2.9999999999999991 6.9999999999999982 2.9999999999999991 3 4.9999999999999982 4 3 3
leaf_count=3 3 7 3 3 5 4 3 3
internal_value=-0.0117647 -0.0363636 0 0.0333333 0.0333333 0.0111111 -0.08 0.0666667
internal_weight=34 22 12 9 12 9 10 6
internal_count=34 22 12 9 12 9 10 6
is_linear=0
shrinkage=0.1


Tree=39
num_leaves=9
num_cat=0
split_feature=18 69 52 18 18 72 38 88
split_gain=3.77184 3.49091 4 2 1.77778 1.08889 0.933333 0.666667
threshold=0.1738845621851173 0.21101188013221647 1.0000000180025095e-35 1.0000000180025095e-35 0.18427202432779341 0.4305189124259679 0.30885963566050584 1.0000000180025095e-35
decision_type=2 2 2 2 2 2 2 2
left_child=1 2 3 7 -2 -6 -3 -1
right_child=4 6 -4 -5 5 -7 -8 -9
leaf_value=8.5432675436604768 10.540604918065947 -492.6960980478209 -1.0696783623192461 -19.913089731009677 -175.08124731159188 1704.8992144508986 -321.01190703319446 200.29470912453255
leaf_weight=3.0000000000000018 2.9999999999999991 6.9999999999999982 2.9999999999999991 3 4.9999999999999982 4 3 3
leaf_count=3 3 7 3 3 5 4 3 3
internal_value=-0.0117647 -0.0363636 0 0.0333333 0.0333333 0.0111111 -0.08 0.0666667
internal_weight=34 22 12 9 12 9 10 6
internal_count=34 22 12 9 12 9 10 6
is_linear=0
shrinkage=0.1


Tree=40
num_leaves=9
num_cat=0
split_feature=18 69 52 18 18 72 38 88
split_gain=3.77184 3.49091 4 2 1.77778 1.08889 0.933333 0.666667
threshold=0.1738845621851173 0.21101188013221647 1.0000000180025095e-35 1.0000000180025095e-35 0.18427202432779341 0.4305189124259679 0.30885963566050584 1.0000000180025095e-35
decision_type=2 2 2 2 2 2 2 2
left_child=1 2 3 7 -2 -6 -3 -1
right_child=4 6 -4 -5 5 -7 -8 -9
leaf_value=7.6889407892944295 9.4865444262570247 -443.42648824303762 -0.96271052608499308 -17.92178075790871 -157.57312258043095 1534.4092930058018 -288.91071632987587 180.26523821207812
leaf_weight=3.0000000000000018 2.9999999999999991 6.9999999999999982 2.9999999999999991 3 4.9999999999999982 4 3 3
leaf_count=3 3 7 3 3 5 4 3 3
internal_value=-0.0117647 -0.0363636 0 0.0333333 0.0333333 0.0111111 -0.08 0.0666667
internal_weight=34 22 12 9 12 9 10 6
internal_count=34 22 12 9 12 9 10 6
is_linear=0
shrinkage=0.1


Tree=41
num_leaves=9
num_cat=0
split_feature=18 69 52 18 18 72 38 88
split_gain=3.77184 3.49091 4 2 1.77778 1.08889 0.933333 0.666667
threshold=0.1738845621851173 0.21101188013221647 1.0000000180025095e-35 1.0000000180025095e-35 0.18427202432779341 0.4305189124259679 0.30885963566050584 1.0000000180025095e-35
decision_type=2 2 2 2 2 2 2 2
left_child=1 2 3 7 -2 -6 -3 -1
right_child=4 6 -4 -5 5 -7 -8 -9
leaf_value=6.9200467103626586 8.5378899836330682 -399.08383941873331 -0.86643947347765793 -16.129602682119003 -141.81581032238901 1380.968363705231 -260.01964469688829 162.23871439087088
leaf_weight=3.0000000000000018 2.9999999999999991 6.9999999999999982 2.9999999999999991 3 4.9999999999999982 4 3 3
leaf_count=3 3 7 3 3 5 4 3 3
internal_value=-0.0117647 -0.0363636 0 0.0333333 0.0333333 0.0111111 -0.08 0.0666667
internal_weight=34 22 12 9 12 9 10 6
internal_count=34 22 12 9 12 9 10 6
is_linear=0
shrinkage=0.1


Tree=42
num_leaves=9
num_cat=0
split_feature=18 69 52 18 18 72 38 88
split_gain=3.77184 3.49091 4 2 1.77778 1.08889 0.933333 0.666667
threshold=0.1738845621851173 0.21101188013221647 1.0000000180025095e-35 1.0000000180025095e-35 0.18427202432779341 0.4305189124259679 0.30885963566050584 1.0000000180025095e-35
decision_type=2 2 2 2 2 2 2 2
left_child=1 2 3 7 -2 -6 -3 -1
right_child=4 6 -4 -5 5 -7 -8 -9
leaf_value=6.2280420393275566 7.6841009852709252 -359.17545547685882 -0.77979552613105629 -14.516642413905357 -127.63422929014779 1242.8715273346986 -234.01768022720063 146.0148429517867
leaf_weight=3.0000000000000018 2.9999999999999991 6.9999999999999982 2.9999999999999991 3 4.9999999999999982 4 3 3
leaf_count=3 3 7 3 3 5 4 3 3
internal_value=-0.0117647 -0.0363636 0 0.0333333 0.0333333 0.0111111 -0.08 0.0666667
internal_weight=34 22 12 9 12 9 10 6
internal_count=34 22 12 9 12 9 10 6
is_linear=0
shrinkage=0.1


Tree=43
num_leaves=9
num_cat=0
split_feature=18 69 52 18 18 72 38 88
split_gain=3.77184 3.49091 4 2 1.77778 1.08889 0.933333 0.666667
threshold=0.1738845621851173 0.21101188013221647 1.0000000180025095e-35 1.0000000180025095e-35 0.18427202432779341 0.4305189124259679 0.30885963566050584 1.0000000180025095e-35
decision_type=2 2 2 2 2 2 2 2
left_child=1 2 3 7 -2 -6 -3 -1
right_child=4 6 -4 -5 5 -7 -8 -9
leaf_value=5.6052378353953829 6.9156908867415048 -323.25790992917319 -0.70181597351911484 -13.064978172513657 -114.87080636113534 1118.584374601231 -210.61591220448028 131.41335865660804
leaf_weight=3.0000000000000018 2.9999999999999991 6.9999999999999982 2.9999999999999991 3 4.9999999999999982 4 3 3
leaf_count=3 3 7 3 3 5 4 3 3
internal_value=-0.0117647 -0.0363636 0 0.0333333 0.0333333 0.0111111 -0.08 0.0666667
internal_weight=34 22 12 9 12 9 10 6
internal_count=34 22 12 9 12 9 10 6
is_linear=0
shrinkage=0.1


Tree=44
num_leaves=9
num_cat=0
split_feature=18 69 52 18 18 72 38 88
split_gain=3.77184 3.49091 4 2 1.77778 1.08889 0.933333 0.666667
threshold=0.1738845621851173 0.21101188013221647 1.0000000180025095e-35 1.0000000180025095e-35 0.18427202432779341 0.4305189124259679 0.30885963566050584 1.0000000180025095e-35
decision_type=2 2 2 2 2 2 2 2
left_child=1 2 3 7 -2 -6 -3 -1
right_child=4 6 -4 -5 5 -7 -8 -9
leaf_value=5.044714051857591 6.2241217980685182 -290.93211893625556 -0.63163437616894957 -11.758480355259962 -103.38372572502122 1006.7259371411055 -189.55432098403108 118.2720227909449
leaf_weight=3.0000000000000018 2.9999999999999991 6.9999999999999982 2.9999999999999991 3 4.9999999999999982 4 3 3
leaf_count=3 3 7 3 3 5 4 3 3
internal_value=-0.0117647 -0.0363636 0 0.0333333 0.0333333 0.0111111 -0.08 0.0666667
internal_weight=34 22 12 9 12 9 10 6
internal_count=34 22 12 9 12 9 10 6
is_linear=0
shrinkage=0.1


Tree=45
num_leaves=9
num_cat=0
split_feature=18 69 52 18 18 72 38 88
split_gain=3.77184 3.49091 4 2 1.77778 1.08889 0.933333 0.666667
threshold=0.1738845621851173 0.21101188013221647 1.0000000180025095e-35 1.0000000180025095e-35 0.18427202432779341 0.4305189124259679 0.30885963566050584 1.0000000180025095e-35
decision_type=2 2 2 2 2 2 2 2
left_child=1 2 3 7 -2 -6 -3 -1
right_child=4 6 -4 -5 5 -7 -8 -9
leaf_value=4.5402426466695038 5.6017096182622481 -261.83890704262888 -0.56847093855030839 -10.582632319733968 -93.045353152521429 906.05334342699507 -170.59888888562855 106.44482051185332
leaf_weight=3.0000000000000018 2.9999999999999991 6.9999999999999982 2.9999999999999991 3 4.9999999999999982 4 3 3
leaf_count=3 3 7 3 3 5 4 3 3
internal_value=-0.0117647 -0.0363636 0 0.0333333 0.0333333 0.0111111 -0.08 0.0666667
internal_weight=34 22 12 9 12 9 10 6
internal_count=34 22 12 9 12 9 10 6
is_linear=0
shrinkage=0.1


Tree=46
num_leaves=9
num_cat=0
split_feature=18 69 52 18 18 72 38 88
split_gain=3.77184 3.49091 4 2 1.77778 1.08889 0.933333 0.666667
threshold=0.1738845621851173 0.21101188013221647 1.0000000180025095e-35 1.0000000180025095e-35 0.18427202432779341 0.4305189124259679 0.30885963566050584 1.0000000180025095e-35
decision_type=2 2 2 2 2 2 2 2
left_child=1 2 3 7 -2 -6 -3 -1
right_child=4 6 -4 -5 5 -7 -8 -9
leaf_value=4.0862183820048816 5.0415386564331133 -235.65501633836539 -0.51162384469644173 -9.5243690877628975 -83.740817837271607 815.44800908430489 -153.53899999706482 95.800338460668002
leaf_weight=3.0000000000000018 2.9999999999999991 6.9999999999999982 2.9999999999999991 3 4.9999999999999982 4 3 3
leaf_count=3 3 7 3 3 5 4 3 3
internal_value=-0.0117647 -0.0363636 0 0.0333333 0.0333333 0.0111111 -0.08 0.0666667
internal_weight=34 22 12 9 12 9 10 6
internal_count=34 22 12 9 12 9 10 6
is_linear=0
shrinkage=0.1


Tree=47
num_leaves=9
num_cat=0
split_feature=18 69 52 18 18 72 38 88
split_gain=3.77184 3.49091 4 2 1.77778 1.08889 0.933333 0.666667
threshold=0.1738845621851173 0.21101188013221647 1.0000000180025095e-35 1.0000000180025095e-35 0.18427202432779341 0.4305189124259679 0.30885963566050584 1.0000000180025095e-35
decision_type=2 2 2 2 2 2 2 2
left_child=1 2 3 7 -2 -6 -3 -1
right_child=4 6 -4 -5 5 -7 -8 -9
leaf_value=3.6775965438049756 4.5373847907874731 -212.08951470452885 -0.46046146022854373 -8.5719321789860263 -75.366736053547356 733.90320817588372 -138.1850999973598 86.220304614602355
leaf_weight=3.0000000000000018 2.9999999999999991 6.9999999999999982 2.9999999999999991 3 4.9999999999999982 4 3 3
leaf_count=3 3 7 3 3 5 4 3 3
internal_value=-0.0117647 -0.0363636 0 0.0333333 0.0333333 0.0111111 -0.08 0.0666667
internal_weight=34 22 12 9 12 9 10 6
internal_count=34 22 12 9 12 9 10 6
is_linear=0
shrinkage=0.1


Tree=48
num_leaves=9
num_cat=0
split_feature=18 69 52 18 18 72 38 88
split_gain=3.77184 3.49091 4 2 1.77778 1.08889 0.933333 0.666667
threshold=0.1738845621851173 0.21101188013221647 1.0000000180025095e-35 1.0000000180025095e-35 0.18427202432779341 0.4305189124259679 0.30885963566050584 1.0000000180025095e-35
decision_type=2 2 2 2 2 2 2 2
left_child=1 2 3 7 -2 -6 -3 -1
right_child=4 6 -4 -5 5 -7 -8 -9
leaf_value=3.30983688942506 4.0836463117098907 -190.88056323407511 -0.41441531420568939 -7.7147389610880062 -67.830062448192621 660.51288735829303 -124.3665899976244 77.598274153145042
leaf_weight=3.0000000000000018 2.9999999999999991 6.9999999999999982 2.9999999999999991 3 4.9999999999999982 4 3 3
leaf_count=3 3 7 3 3 5 4 3 3
internal_value=-0.0117647 -0.0363636 0 0.0333333 0.0333333 0.0111111 -0.08 0.0666667
internal_weight=34 22 12 9 12 9 10 6
internal_count=34 22 12 9 12 9 10 6
is_linear=0
shrinkage=0.1


Tree=49
num_leaves=9
num_cat=0
split_feature=18 69 52 18 18 72 38 88
split_gain=3.77184 3.49091 4 2 1.77778 1.08889 0.933333 0.666667
threshold=0.1738845621851173 0.21101188013221647 1.0000000180025095e-35 1.0000000180025095e-35 0.18427202432779341 0.4305189124259679 0.30885963566050584 1.0000000180025095e-35
decision_type=2 2 2 2 2 2 2 2
left_child=1 2 3 7 -2 -6 -3 -1
right_child=4 6 -4 -5 5 -7 -8 -9
leaf_value=2.9788532004808079 3.6752816805383191 -171.79250691066846 -0.37297378278453835 -6.9432650649803698 -61.047056203370452 594.46159862247293 -111.92993099786109 69.838446737831688
leaf_weight=3.0000000000000018 2.9999999999999991 6.9999999999999982 2.9999999999999991 3 4.9999999999999982 4 3 3
leaf_count=3 3 7 3 3 5 4 3 3
internal_value=-0.0117647 -0.0363636 0 0.0333333 0.0333333 0.0111111 -0.08 0.0666667
internal_weight=34 22 12 9 12 9 10 6
internal_count=34 22 12 9 12 9 10 6
is_linear=0
shrinkage=0.1


Tree=50
num_leaves=9
num_cat=0
split_feature=18 69 52 18 18 72 38 88
split_gain=3.77184 3.49091 4 2 1.77778 1.08889 0.933333 0.666667
threshold=0.1738845621851173 0.21101188013221647 1.0000000180025095e-35 1.0000000180025095e-35 0.18427202432779341 0.4305189124259679 0.30885963566050584 1.0000000180025095e-35
decision_type=2 2 2 2 2 2 2 2
left_child=1 2 3 7 -2 -6 -3 -1
right_child=4 6 -4 -5 5 -7 -8 -9
leaf_value=2.6809678804303987 3.3077535124844872 -154.61325621960279 -0.33567640450783076 -6.2489385584834967 -54.942350583034568 535.01543876023504 -100.7369378980744 62.85460206404678
leaf_weight=3.0000000000000018 2.9999999999999991 6.9999999999999982 2.9999999999999991 3 4.9999999999999982 4 3 3
leaf_count=3 3 7 3 3 5 4 3 3
internal_value=-0.0117647 -0.0363636 0 0.0333333 0.0333333 0.0111111 -0.08 0.0666667
internal_weight=34 22 12 9 12 9 10 6
internal_count=34 22 12 9 12 9 10 6
is_linear=0
shrinkage=0.1


Tree=51
num_leaves=9
num_cat=0
split_feature=18 69 52 18 18 72 38 88
split_gain=3.77184 3.49091 4 2 1.77778 1.08889 0.933333 0.666667
threshold=0.1738845621851173 0.21101188013221647 1.0000000180025095e-35 1.0000000180025095e-35 0.18427202432779341 0.4305189124259679 0.30885963566050584 1.0000000180025095e-35
decision_type=2 2 2 2 2 2 2 2
left_child=1 2 3 7 -2 -6 -3 -1
right_child=4 6 -4 -5 5 -7 -8 -9
leaf_value=2.4128710923891052 2.976978161238367 -139.1519305976428 -0.30210876405471937 -5.6240447026328191 -49.448115524731115 481.51389488421847 -90.663244108267833 56.569141857640354
leaf_weight=3.0000000000000018 2.9999999999999991 6.9999999999999982 2.9999999999999991 3 4.9999999999999982 4 3 3
leaf_count=3 3 7 3 3 5 4 3 3
internal_value=-0.0117647 -0.0363636 0 0.0333333 0.0333333 0.0111111 -0.08 0.0666667
internal_weight=34 22 12 9 12 9 10 6
internal_count=34 22 12 9 12 9 10 6
is_linear=0
shrinkage=0.1


Tree=52
num_leaves=9
num_cat=0
split_feature=18 69 52 18 18 72 38 88
split_gain=3.77184 3.49091 4 2 1.77778 1.08889 0.933333 0.666667
threshold=0.1738845621851173 0.21101188013221647 1.0000000180025095e-35 1.0000000180025095e-35 0.18427202432779341 0.4305189124259679 0.30885963566050584 1.0000000180025095e-35
decision_type=2 2 2 2 2 2 2 2
left_child=1 2 3 7 -2 -6 -3 -1
right_child=4 6 -4 -5 5 -7 -8 -9
leaf_value=2.1715839831507764 2.679280345112784 -125.23673753787881 -0.27189788764808326 -5.061640232370701 -44.503303972259168 433.36250539580362 -81.596919697441635 50.912227671878647
leaf_weight=3.0000000000000018 2.9999999999999991 6.9999999999999982 2.9999999999999991 3 4.9999999999999982 4 3 3
leaf_count=3 3 7 3 3 5 4 3 3
internal_value=-0.0117647 -0.0363636 0 0.0333333 0.0333333 0.0111111 -0.08 0.0666667
internal_weight=34 22 12 9 12 9 10 6
internal_count=34 22 12 9 12 9 10 6
is_linear=0
shrinkage=0.1


Tree=53
num_leaves=9
num_cat=0
split_feature=18 69 52 18 18 72 38 88
split_gain=3.77184 3.49091 4 2 1.77778 1.08889 0.933333 0.666667
threshold=0.1738845621851173 0.21101188013221647 1.0000000180025095e-35 1.0000000180025095e-35 0.18427202432779341 0.4305189124259679 0.30885963566050584 1.0000000180025095e-35
decision_type=2 2 2 2 2 2 2 2
left_child=1 2 3 7 -2 -6 -3 -1
right_child=4 6 -4 -5 5 -7 -8 -9
leaf_value=1.9544255848333707 2.4113523106032519 -112.71306378409209 -0.24470809888443912 -4.5554762091313021 -40.052973575034414 390.02625485621394 -73.437227727696879 45.821004904690199
leaf_weight=3.0000000000000018 2.9999999999999991 6.9999999999999982 2.9999999999999991 3 4.9999999999999982 4 3 3
leaf_count=3 3 7 3 3 5 4 3 3
internal_value=-0.0117647 -0.0363636 0 0.0333333 0.0333333 0.0111111 -0.08 0.0666667
internal_weight=34 22 12 9 12 9 10 6
internal_count=34 22 12 9 12 9 10 6
is_linear=0
shrinkage=0.1


Tree=54
num_leaves=9
num_cat=0
split_feature=18 69 52 18 18 72 38 88
split_gain=3.77184 3.49091 4 2 1.77778 1.08889 0.933333 0.666667
threshold=0.1738845621851173 0.21101188013221647 1.0000000180025095e-35 1.0000000180025095e-35 0.18427202432779341 0.4305189124259679 0.30885963566050584 1.0000000180025095e-35
decision_type=2 2 2 2 2 2 2 2
left_child=1 2 3 7 -2 -6 -3 -1
right_child=4 6 -4 -5 5 -7 -8 -9
leaf_value=1.7589830263517798 2.1702170795411804 -101.44175740568318 -0.22023728899657727 -4.099928588216426 -36.047676217532718 351.02362937058791 -66.0935049549269 41.238904414221182
leaf_weight=3.0000000000000018 2.9999999999999991 6.9999999999999982 2.9999999999999991 3 4.9999999999999982 4 3 3
leaf_count=3 3 7 3 3 5 4 3 3
internal_value=-0.0117647 -0.0363636 0 0.0333333 0.0333333 0.0111111 -0.08 0.0666667
internal_weight=34 22 12 9 12 9 10 6
internal_count=34 22 12 9 12 9 10 6
is_linear=0
shrinkage=0.1


Tree=55
num_leaves=9
num_cat=0
split_feature=18 69 52 18 18 72 38 88
split_gain=3.77184 3.49091 4 2 1.77778 1.08889 0.933333 0.666667
threshold=0.1738845621851173 0.21101188013221647 1.0000000180025095e-35 1.0000000180025095e-35 0.18427202432779341 0.4305189124259679 0.30885963566050584 1.0000000180025095e-35
decision_type=2 2 2 2 2 2 2 2
left_child=1 2 3 7 -2 -6 -3 -1
right_child=4 6 -4 -5 5 -7 -8 -9
leaf_value=1.5830847237142736 1.9531953715893906 -91.297581665116013 -0.19821356009924784 -3.6899357293965296 -32.442908595781773 315.9212664335268 -59.484154459435381 37.115013972797897
leaf_weight=3.0000000000000018 2.9999999999999991 6.9999999999999982 2.9999999999999991 3 4.9999999999999982 4 3 3
leaf_count=3 3 7 3 3 5 4 3 3
internal_value=-0.0117647 -0.0363636 0 0.0333333 0.0333333 0.0111111 -0.08 0.0666667
internal_weight=34 22 12 9 12 9 10 6
internal_count=34 22 12 9 12 9 10 6
is_linear=0
shrinkage=0.1


Tree=56
num_leaves=9
num_cat=0
split_feature=18 69 52 18 18 72 38 88
split_gain=3.77184 3.49091 4 2 1.77778 1.08889 0.933333 0.666667
threshold=0.1738845621851173 0.21101188013221647 1.0000000180025095e-35 1.0000000180025095e-35 0.18427202432779341 0.4305189124259679 0.30885963566050584 1.0000000180025095e-35
decision_type=2 2 2 2 2 2 2 2
left_child=1 2 3 7 -2 -6 -3 -1
right_child=4 6 -4 -5 5 -7 -8 -9
leaf_value=1.4247762513405178 1.7578758344287053 -82.167823498602957 -0.17839220408932308 -3.3209421564592052 -29.198617736203598 284.32913979017178 -53.535739013491551 33.403512575518107
leaf_weight=3.0000000000000018 2.9999999999999991 6.9999999999999982 2.9999999999999991 3 4.9999999999999982 4 3 3
leaf_count=3 3 7 3 3 5 4 3 3
internal_value=-0.0117647 -0.0363636 0 0.0333333 0.0333333 0.0111111 -0.08 0.0666667
internal_weight=34 22 12 9 12 9 10 6
internal_count=34 22 12 9 12 9 10 6
is_linear=0
shrinkage=0.1


Tree=57
num_leaves=9
num_cat=0
split_feature=18 69 52 18 18 72 38 88
split_gain=3.77184 3.49091 4 2 1.77778 1.08889 0.933333 0.666667
threshold=0.1738845621851173 0.21101188013221647 1.0000000180025095e-35 1.0000000180025095e-35 0.18427202432779341 0.4305189124259679 0.30885963566050584 1.0000000180025095e-35
decision_type=2 2 2 2 2 2 2 2
left_child=1 2 3 7 -2 -6 -3 -1
right_child=4 6 -4 -5 5 -7 -8 -9
leaf_value=1.2822986262035556 1.5820882509869989 -73.951041148742661 -0.16055298367864454 -2.9888479408109561 -26.27875596258091 255.89622581114529 -48.182165112142684 30.063161317969207
leaf_weight=3.0000000000000018 2.9999999999999991 6.9999999999999982 2.9999999999999991 3 4.9999999999999982 4 3 3
leaf_count=3 3 7 3 3 5 4 3 3
internal_value=-0.0117647 -0.0363636 0 0.0333333 0.0333333 0.0111111 -0.08 0.0666667
internal_weight=34 22 12 9 12 9 10 6
internal_count=34 22 12 9 12 9 10 6
is_linear=0
shrinkage=0.1


Tree=58
num_leaves=9
num_cat=0
split_feature=18 69 52 18 18 72 38 88
split_gain=3.77184 3.49091 4 2 1.77778 1.08889 0.933333 0.666667
threshold=0.1738845621851173 0.21101188013221647 1.0000000180025095e-35 1.0000000180025095e-35 0.18427202432779341 0.4305189124259679 0.30885963566050584 1.0000000180025095e-35
decision_type=2 2 2 2 2 2 2 2
left_child=1 2 3 7 -2 -6 -3 -1
right_child=4 6 -4 -5 5 -7 -8 -9
leaf_value=1.1540687635832001 1.4238794258912095 -66.555937033868403 -0.14449768530903384 -2.6899631467298608 -23.650880366325147 230.30660323002377 -43.363948600928417 27.056845186173451
leaf_weight=3.0000000000000018 2.9999999999999991 6.9999999999999982 2.9999999999999991 3 4.9999999999999982 4 3 3
leaf_count=3 3 7 3 3 5 4 3 3
internal_value=-0.0117647 -0.0363636 0 0.0333333 0.0333333 0.0111111 -0.08 0.0666667
internal_weight=34 22 12 9 12 9 10 6
internal_count=34 22 12 9 12 9 10 6
is_linear=0
shrinkage=0.1


Tree=59
num_leaves=9
num_cat=0
split_feature=18 69 52 18 18 72 38 88
split_gain=3.77184 3.49091 4 2 1.77778 1.08889 0.933333 0.666667
threshold=0.1738845621851173 0.21101188013221647 1.0000000180025095e-35 1.0000000180025095e-35 0.18427202432779341 0.4305189124259679 0.30885963566050584 1.0000000180025095e-35
decision_type=2 2 2 2 2 2 2 2
left_child=1 2 3 7 -2 -6 -3 -1
right_child=4 6 -4 -5 5 -7 -8 -9
leaf_value=1.0386618872231339 1.2814914832997601 -59.900343330480979 -0.13004791677813046 -2.4209668320545461 -21.28579232969205 207.27594290701674 -39.027553740836453 24.35116066755727
leaf_weight=3.0000000000000018 2.9999999999999991 6.9999999999999982 2.9999999999999991 3 4.9999999999999982 4 3 3
leaf_count=3 3 7 3 3 5 4 3 3
internal_value=-0.0117647 -0.0363636 0 0.0333333 0.0333333 0.0111111 -0.08 0.0666667
internal_weight=34 22 12 9 12 9 10 6
internal_count=34 22 12 9 12 9 10 6
is_linear=0
shrinkage=0.1


Tree=60
num_leaves=9
num_cat=0
split_feature=18 69 52 18 18 72 38 88
split_gain=3.77184 3.49091 4 2 1.77778 1.08889 0.933333 0.666667
threshold=0.1738845621851173 0.21101188013221647 1.0000000180025095e-35 1.0000000180025095e-35 0.18427202432779341 0.4305189124259679 0.30885963566050584 1.0000000180025095e-35
decision_type=2 2 2 2 2 2 2 2
left_child=1 2 3 7 -2 -6 -3 -1
right_child=4 6 -4 -5 5 -7 -8 -9
leaf_value=0.93479569850023836 1.1533423349726946 -53.910308997432004 -0.11704312509973534 -2.1788701488520021 -19.157213096722263 186.54834861631971 -35.124798366753389 21.916044600802707
leaf_weight=3.0000000000000018 2.9999999999999991 6.9999999999999982 2.9999999999999991 3 4.9999999999999982 4 3 3
leaf_count=3 3 7 3 3 5 4 3 3
internal_value=-0.0117647 -0.0363636 0 0.0333333 0.0333333 0.0111111 -0.08 0.0666667
internal_weight=34 22 12 9 12 9 10 6
internal_count=34 22 12 9 12 9 10 6
is_linear=0
shrinkage=0.1


Tree=61
num_leaves=9
num_cat=0
split_feature=18 69 52 18 18 72 38 88
split_gain=3.77184 3.49091 4 2 1.77778 1.08889 0.933333 0.666667
threshold=0.1738845621851173 0.21101188013221647 1.0000000180025095e-35 1.0000000180025095e-35 0.18427202432779341 0.4305189124259679 0.30885963566050584 1.0000000180025095e-35
decision_type=2 2 2 2 2 2 2 2
left_child=1 2 3 7 -2 -6 -3 -1
right_child=4 6 -4 -5 5 -7 -8 -9
leaf_value=0.84131612865021455 1.0380081014765892 -48.519278097688222 -0.10533881259034389 -1.960983133967966 -17.24149178704829 167.89351375468542 -31.612318530079211 19.724440140719526
leaf_weight=3.0000000000000018 2.9999999999999991 6.9999999999999982 2.9999999999999991 3 4.9999999999999982 4 3 3
leaf_count=3 3 7 3 3 5 4 3 3
internal_value=-0.0117647 -0.0363636 0 0.0333333 0.0333333 0.0111111 -0.08 0.0666667
internal_weight=34 22 12 9 12 9 10 6
internal_count=34 22 12 9 12 9 10 6
is_linear=0
shrinkage=0.1


Tree=62
num_leaves=9
num_cat=0
split_feature=18 69 52 18 18 72 38 88
split_gain=3.77184 3.49091 4 2 1.77778 1.08889 0.933333 0.666667
threshold=0.1738845621851173 0.21101188013221647 1.0000000180025095e-35 1.0000000180025095e-35 0.18427202432779341 0.4305189124259679 0.30885963566050584 1.0000000180025095e-35
decision_type=2 2 2 2 2 2 2 2
left_child=1 2 3 7 -2 -6 -3 -1
right_child=4 6 -4 -5 5 -7 -8 -9
leaf_value=0.75718451578286483 0.93420729133067659 -43.667350287918822 -0.094804931333055731 -1.764884820568841 -15.517342608340551 151.10416237921456 -28.451086677072453 17.751996126648738
leaf_weight=3.0000000000000018 2.9999999999999991 6.9999999999999982 2.9999999999999991 3 4.9999999999999982 4 3 3
leaf_count=3 3 7 3 3 5 4 3 3
internal_value=-0.0117647 -0.0363636 0 0.0333333 0.0333333 0.0111111 -0.08 0.0666667
internal_weight=34 22 12 9 12 9 10 6
internal_count=34 22 12 9 12 9 10 6
is_linear=0
shrinkage=0.1


Tree=63
num_leaves=9
num_cat=0
split_feature=18 69 52 18 18 72 38 88
split_gain=3.77184 3.49091 4 2 1.77778 1.08889 0.933333 0.666667
threshold=0.1738845621851173 0.21101188013221647 1.0000000180025095e-35 1.0000000180025095e-35 0.18427202432779341 0.4305189124259679 0.30885963566050584 1.0000000180025095e-35
decision_type=2 2 2 2 2 2 2 2
left_child=1 2 3 7 -2 -6 -3 -1
right_child=4 6 -4 -5 5 -7 -8 -9
leaf_value=0.68146606420632461 0.84078656219644476 -39.300615259126062 -0.085324438201496378 -1.588396338513121 -13.965608347504167 135.99374614129775 -25.605978009366666 15.976796513982118
leaf_weight=3.0000000000000018 2.9999999999999991 6.9999999999999982 2.9999999999999991 3 4.9999999999999982 4 3 3
leaf_count=3 3 7 3 3 5 4 3 3
internal_value=-0.0117647 -0.0363636 0 0.0333333 0.0333333 0.0111111 -0.08 0.0666667
internal_weight=34 22 12 9 12 9 10 6
internal_count=34 22 12 9 12 9 10 6
is_linear=0
shrinkage=0.1


Tree=64
num_leaves=9
num_cat=0
split_feature=18 69 52 18 18 72 38 88
split_gain=3.77184 3.49091 4 2 1.77778 1.08889 0.933333 0.666667
threshold=0.1738845621851173 0.21101188013221647 1.0000000180025095e-35 1.0000000180025095e-35 0.18427202432779341 0.4305189124259679 0.30885963566050584 1.0000000180025095e-35
decision_type=2 2 2 2 2 2 2 2
left_child=1 2 3 7 -2 -6 -3 -1
right_child=4 6 -4 -5 5 -7 -8 -9
leaf_value=0.61331945778802044 0.75670790597796445 -35.370553733213455 -0.076791994378436368 -1.429556704661809 -12.569047512754333 122.39437152717728 -23.045380208428835 14.379116862581578
leaf_weight=3.0000000000000018 2.9999999999999991 6.9999999999999982 2.9999999999999991 3 4.9999999999999982 4 3 3
leaf_count=3 3 7 3 3 5 4 3 3
internal_value=-0.0117647 -0.0363636 0 0.0333333 0.0333333 0.0111111 -0.08 0.0666667
internal_weight=34 22 12 9 12 9 10 6
internal_count=34 22 12 9 12 9 10 6
is_linear=0
shrinkage=0.1


Tree=65
num_leaves=9
num_cat=0
split_feature=18 69 52 18 18 72 38 88
split_gain=3.77184 3.49091 4 2 1.77778 1.08889 0.933333 0.666667
threshold=0.1738845621851173 0.21101188013221647 1.0000000180025095e-35 1.0000000180025095e-35 0.18427202432779341 0.4305189124259679 0.30885963566050584 1.0000000180025095e-35
decision_type=2 2 2 2 2 2 2 2
left_child=1 2 3 7 -2 -6 -3 -1
right_child=4 6 -4 -5 5 -7 -8 -9
leaf_value=0.55198751200805418 0.68103711538133216 -31.833498359890655 -0.069112794939428568 -1.2866010341967922 -11.312142761476572 110.15493437445258 -20.740842187585077 12.941205176321091
leaf_weight=3.0000000000000018 2.9999999999999991 6.9999999999999982 2.9999999999999991 3 4.9999999999999982 4 3 3
leaf_count=3 3 7 3 3 5 4 3 3
internal_value=-0.0117647 -0.0363636 0 0.0333333 0.0333333 0.0111111 -0.08 0.0666667
internal_weight=34 22 12 9 12 9 10 6
internal_count=34 22 12 9 12 9 10 6
is_linear=0
shrinkage=0.1


Tree=66
num_leaves=9
num_cat=0
split_feature=18 69 52 18 18 72 38 88
split_gain=3.77184 3.49091 4 2 1.77778 1.08889 0.933333 0.666667
threshold=0.1738845621851173 0.21101188013221647 1.0000000180025095e-35 1.0000000180025095e-35 0.18427202432779341 0.4305189124259679 0.30885963566050584 1.0000000180025095e-35
decision_type=2 2 2 2 2 2 2 2
left_child=1 2 3 7 -2 -6 -3 -1
right_child=4 6 -4 -5 5 -7 -8 -9
leaf_value=0.49678876081015916 0.61293340384145267 -28.650148523901592 -0.062201515445485717 -1.1579409307800235 -10.180928485328332 99.139440937014299 -18.666757968827735 11.647084658686072
leaf_weight=3.0000000000000018 2.9999999999999991 6.9999999999999982 2.9999999999999991 3 4.9999999999999982 4 3 3
leaf_count=3 3 7 3 3 5 4 3 3
internal_value=-0.0117647 -0.0363636 0 0.0333333 0.0333333 0.0111111 -0.08 0.0666667
internal_weight=34 22 12 9 12 9 10 6
internal_count=34 22 12 9 12 9 10 6
is_linear=0
shrinkage=0.1


Tree=67
num_leaves=9
num_cat=0
split_feature=18 69 52 18 18 72 38 88
split_gain=3.77184 3.49091 4 2 1.77778 1.08889 0.933333 0.666667
threshold=0.1738845621851173 0.21101188013221647 1.0000000180025095e-35 1.0000000180025095e-35 0.18427202432779341 0.4305189124259679 0.30885963566050584 1.0000000180025095e-35
decision_type=2 2 2 2 2 2 2 2
left_child=1 2 3 7 -2 -6 -3 -1
right_child=4 6 -4 -5 5 -7 -8 -9
leaf_value=0.44710988472797908 0.55164006345439709 -25.785133671510266 -0.055981363903265448 -1.0421468376996927 -9.1628356367931705 89.225496843317529 -16.800082171944087 10.482376192818629
leaf_weight=3.0000000000000018 2.9999999999999991 6.9999999999999982 2.9999999999999991 3 4.9999999999999982 4 3 3
leaf_count=3 3 7 3 3 5 4 3 3
internal_value=-0.0117647 -0.0363636 0 0.0333333 0.0333333 0.0111111 -0.08 0.0666667
internal_weight=34 22 12 9 12 9 10 6
internal_count=34 22 12 9 12 9 10 6
is_linear=0
shrinkage=0.1


Tree=68
num_leaves=9
num_cat=0
split_feature=18 69 52 18 18 72 38 88
split_gain=3.77184 3.49091 4 2 1.77778 1.08889 0.933333 0.666667
threshold=0.1738845621851173 0.21101188013221647 1.0000000180025095e-35 1.0000000180025095e-35 0.18427202432779341 0.4305189124259679 0.30885963566050584 1.0000000180025095e-35
decision_type=2 2 2 2 2 2 2 2
left_child=1 2 3 7 -2 -6 -3 -1
right_child=4 6 -4 -5 5 -7 -8 -9
leaf_value=0.40239889625227082 0.49647605710779319 -23.206620304359241 -0.050383227510610598 -0.93793215393088758 -8.2465520731115252 80.302947158995096 -15.120073954749387 9.4341385735373482
leaf_weight=3.0000000000000018 2.9999999999999991 6.9999999999999982 2.9999999999999991 3 4.9999999999999982 4 3 3
leaf_count=3 3 7 3 3 5 4 3 3
internal_value=-0.0117647 -0.0363636 0 0.0333333 0.0333333 0.0111111 -0.08 0.0666667
internal_weight=34 22 12 9 12 9 10 6
internal_count=34 22 12 9 12 9 10 6
is_linear=0
shrinkage=0.1


Tree=69
num_leaves=9
num_cat=0
split_feature=18 69 52 18 18 72 38 88
split_gain=3.77184 3.49091 4 2 1.77778 1.08889 0.933333 0.666667
threshold=0.1738845621851173 0.21101188013221647 1.0000000180025095e-35 1.0000000180025095e-35 0.18427202432779341 0.4305189124259679 0.30885963566050584 1.0000000180025095e-35
decision_type=2 2 2 2 2 2 2 2
left_child=1 2 3 7 -2 -6 -3 -1
right_child=4 6 -4 -5 5 -7 -8 -9
leaf_value=0.36215900662937206 0.44682845139759597 -20.885958273924189 -0.045344904757803312 -0.84413893853779887 -7.4218968658009548 72.272652443102558 -13.608066559274448 8.4907247161841948
leaf_weight=3.0000000000000018 2.9999999999999991 6.9999999999999982 2.9999999999999991 3 4.9999999999999982 4 3 3
leaf_count=3 3 7 3 3 5 4 3 3
internal_value=-0.0117647 -0.0363636 0 0.0333333 0.0333333 0.0111111 -0.08 0.0666667
internal_weight=34 22 12 9 12 9 10 6
internal_count=34 22 12 9 12 9 10 6
is_linear=0
shrinkage=0.1


Tree=70
num_leaves=9
num_cat=0
split_feature=18 69 52 18 18 72 38 88
split_gain=3.77184 3.49091 4 2 1.77778 1.08889 0.933333 0.666667
threshold=0.1738845621851173 0.21101188013221647 1.0000000180025095e-35 1.0000000180025095e-35 0.18427202432779341 0.4305189124259679 0.30885963566050584 1.0000000180025095e-35
decision_type=2 2 2 2 2 2 2 2
left_child=1 2 3 7 -2 -6 -3 -1
right_child=4 6 -4 -5 5 -7 -8 -9
leaf_value=0.32594310596468862 0.40214560625609014 -18.797362446531771 -0.040810414281440902 -0.75972504468518309 -6.6797071792185312 65.04538719879929 -12.247259903347004 7.6416522445681041
leaf_weight=3.0000000000000018 2.9999999999999991 6.9999999999999982 2.9999999999999991 3 4.9999999999999982 4 3 3
leaf_count=3 3 7 3 3 5 4 3 3
internal_value=-0.0117647 -0.0363636 0 0.0333333 0.0333333 0.0111111 -0.08 0.0666667
internal_weight=34 22 12 9 12 9 10 6
internal_count=34 22 12 9 12 9 10 6
is_linear=0
shrinkage=0.1


Tree=71
num_leaves=9
num_cat=0
split_feature=18 69 52 18 18 72 38 88
split_gain=3.77184 3.49091 4 2 1.77778 1.08889 0.933333 0.666667
threshold=0.1738845621851173 0.21101188013221647 1.0000000180025095e-35 1.0000000180025095e-35 0.18427202432779341 0.4305189124259679 0.30885963566050584 1.0000000180025095e-35
decision_type=2 2 2 2 2 2 2 2
left_child=1 2 3 7 -2 -6 -3 -1
right_child=4 6 -4 -5 5 -7 -8 -9
leaf_value=0.29334879536763764 0.36193104563280942 -16.917626201879468 -0.036729372851550583 -0.68375254021957521 -6.0117364612990061 58.540848478907719 -11.022533913012012 6.8774870201130405
leaf_weight=3.0000000000000018 2.9999999999999991 6.9999999999999982 2.9999999999999991 3 4.9999999999999982 4 3 3
leaf_count=3 3 7 3 3 5 4 3 3
internal_value=-0.0117647 -0.0363636 0 0.0333333 0.0333333 0.0111111 -0.08 0.0666667
internal_weight=34 22 12 9 12 9 10 6
internal_count=34 22 12 9 12 9 10 6
is_linear=0
shrinkage=0.1


Tree=72
num_leaves=9
num_cat=0
split_feature=18 69 52 18 18 72 38 88
split_gain=3.77184 3.49091 4 2 1.77778 1.08889 0.933333 0.666667
threshold=0.1738845621851173 0.21101188013221647 1.0000000180025095e-35 1.0000000180025095e-35 0.18427202432779341 0.4305189124259679 0.30885963566050584 1.0000000180025095e-35
decision_type=2 2 2 2 2 2 2 2
left_child=1 2 3 7 -2 -6 -3 -1
right_child=4 6 -4 -5 5 -7 -8 -9
leaf_value=0.26401391582912764 0.32573794106720017 -15.225863581692103 -0.033056435565231371 -0.61537728619878185 -5.4105628151679417 52.686763631016952 -9.9202805217122663 6.1897383181029006
leaf_weight=3.0000000000000018 2.9999999999999991 6.9999999999999982 2.9999999999999991 3 4.9999999999999982 4 3 3
leaf_count=3 3 7 3 3 5 4 3 3
internal_value=-0.0117647 -0.0363636 0 0.0333333 0.0333333 0.0111111 -0.08 0.0666667
internal_weight=34 22 12 9 12 9 10 6
internal_count=34 22 12 9 12 9 10 6
is_linear=0
shrinkage=0.1


Tree=73
num_leaves=9
num_cat=0
split_feature=18 69 52 18 18 72 38 88
split_gain=3.77184 3.49091 4 2 1.77778 1.08889 0.933333 0.666667
threshold=0.1738845621851173 0.21101188013221647 1.0000000180025095e-35 1.0000000180025095e-35 0.18427202432779341 0.4305189124259679 0.30885963566050584 1.0000000180025095e-35
decision_type=2 2 2 2 2 2 2 2
left_child=1 2 3 7 -2 -6 -3 -1
right_child=4 6 -4 -5 5 -7 -8 -9
leaf_value=0.23761252424446866 0.29316414695931597 -13.70327722352231 -0.029750792006962002 -0.55383955757715742 -4.8695065336534755 47.418087267922239 -8.9282524695416221 5.5707644862937746
leaf_weight=3.0000000000000018 2.9999999999999991 6.9999999999999982 2.9999999999999991 3 4.9999999999999982 4 3 3
leaf_count=3 3 7 3 3 5 4 3 3
internal_value=-0.0117647 -0.0363636 0 0.0333333 0.0333333 0.0111111 -0.08 0.0666667
internal_weight=34 22 12 9 12 9 10 6
internal_count=34 22 12 9 12 9 10 6
is_linear=0
shrinkage=0.1


Tree=74
num_leaves=9
num_cat=0
split_feature=18 69 52 18 18 72 38 88
split_gain=3.77184 3.49091 4 2 1.77778 1.08889 0.933333 0.666667
threshold=0.1738845621851173 0.21101188013221647 1.0000000180025095e-35 1.0000000180025095e-35 0.18427202432779341 0.4305189124259679 0.30885963566050584 1.0000000180025095e-35
decision_type=2 2 2 2 2 2 2 2
left_child=1 2 3 7 -2 -6 -3 -1
right_child=4 6 -4 -5 5 -7 -8 -9
leaf_value=0.21385127182002181 0.26384773226454855 -12.332949501171242 -0.026775712805101649 -0.49845560182002374 -4.3825558802869642 42.676278541120702 -8.0354272225871686 5.013688037666725
leaf_weight=3.0000000000000018 2.9999999999999991 6.9999999999999982 2.9999999999999991 3 4.9999999999999982 4 3 3
leaf_count=3 3 7 3 3 5 4 3 3
internal_value=-0.0117647 -0.0363636 0 0.0333333 0.0333333 0.0111111 -0.08 0.0666667
internal_weight=34 22 12 9 12 9 10 6
internal_count=34 22 12 9 12 9 10 6
is_linear=0
shrinkage=0.1


Tree=75
num_leaves=9
num_cat=0
split_feature=18 69 52 18 18 72 38 88
split_gain=3.77184 3.49091 4 2 1.77778 1.08889 0.933333 0.666667
threshold=0.1738845621851173 0.21101188013221647 1.0000000180025095e-35 1.0000000180025095e-35 0.18427202432779341 0.4305189124259679 0.30885963566050584 1.0000000180025095e-35
decision_type=2 2 2 2 2 2 2 2
left_child=1 2 3 7 -2 -6 -3 -1
right_child=4 6 -4 -5 5 -7 -8 -9
leaf_value=0.1924661446362734 0.23746295903692954 -11.099654551054119 -0.024098141526337713 -0.44861004163976759 -3.9443002922576853 38.408650687010962 -7.2318845003290342 4.5123192338971423
leaf_weight=3.0000000000000018 2.9999999999999991 6.9999999999999982 2.9999999999999991 3 4.9999999999999982 4 3 3
leaf_count=3 3 7 3 3 5 4 3 3
internal_value=-0.0117647 -0.0363636 0 0.0333333 0.0333333 0.0111111 -0.08 0.0666667
internal_weight=34 22 12 9 12 9 10 6
internal_count=34 22 12 9 12 9 10 6
is_linear=0
shrinkage=0.1


Tree=76
num_leaves=9
num_cat=0
split_feature=18 69 52 18 18 72 38 88
split_gain=3.77184 3.49091 4 2 1.77778 1.08889 0.933333 0.666667
threshold=0.1738845621851173 0.21101188013221647 1.0000000180025095e-35 1.0000000180025095e-35 0.18427202432779341 0.4305189124259679 0.30885963566050584 1.0000000180025095e-35
decision_type=2 2 2 2 2 2 2 2
left_child=1 2 3 7 -2 -6 -3 -1
right_child=4 6 -4 -5 5 -7 -8 -9
leaf_value=0.1732195301738102 0.21371666313498283 -9.9896890959498705 -0.021688327373703943 -0.40374903747579083 -3.5498702630342454 34.567785618314524 -6.5086960502958391 4.0610873105062639
leaf_weight=3.0000000000000018 2.9999999999999991 6.9999999999999982 2.9999999999999991 3 4.9999999999999982 4 3 3
leaf_count=3 3 7 3 3 5 4 3 3
internal_value=-0.0117647 -0.0363636 0 0.0333333 0.0333333 0.0111111 -0.08 0.0666667
internal_weight=34 22 12 9 12 9 10 6
internal_count=34 22 12 9 12 9 10 6
is_linear=0
shrinkage=0.1


Tree=77
num_leaves=9
num_cat=0
split_feature=18 69 52 18 18 72 38 88
split_gain=3.77184 3.49091 4 2 1.77778 1.08889 0.933333 0.666667
threshold=0.1738845621851173 0.21101188013221647 1.0000000180025095e-35 1.0000000180025095e-35 0.18427202432779341 0.4305189124259679 0.30885963566050584 1.0000000180025095e-35
decision_type=2 2 2 2 2 2 2 2
left_child=1 2 3 7 -2 -6 -3 -1
right_child=4 6 -4 -5 5 -7 -8 -9
leaf_value=0.15589757715351882 0.19234499682206663 -8.9907201863534283 -0.019519494636915626 -0.36337413372821176 -3.1948832367314028 31.111007056478414 -5.8578264452662552 3.6549785794573837
leaf_weight=3.0000000000000018 2.9999999999999991 6.9999999999999982 2.9999999999999991 3 4.9999999999999982 4 3 3
leaf_count=3 3 7 3 3 5 4 3 3
internal_value=-0.0117647 -0.0363636 0 0.0333333 0.0333333 0.0111111 -0.08 0.0666667
internal_weight=34 22 12 9 12 9 10 6
internal_count=34 22 12 9 12 9 10 6
is_linear=0
shrinkage=0.1


Tree=78
num_leaves=9
num_cat=0
split_feature=18 69 52 18 18 72 38 88
split_gain=3.77184 3.49091 4 2 1.77778 1.08889 0.933333 0.666667
threshold=0.1738845621851173 0.21101188013221647 1.0000000180025095e-35 1.0000000180025095e-35 0.18427202432779341 0.4305189124259679 0.30885963566050584 1.0000000180025095e-35
decision_type=2 2 2 2 2 2 2 2
left_child=1 2 3 7 -2 -6 -3 -1
right_child=4 6 -4 -5 5 -7 -8 -9
leaf_value=0.14030781943583862 0.17311049713753165 -8.0916481677180858 -0.017567545175552368 -0.32703672035713682 -2.8753949130594267 27.999906350835229 -5.2720438007381745 3.2894807215139736
leaf_weight=3.0000000000000018 2.9999999999999991 6.9999999999999982 2.9999999999999991 3 4.9999999999999982 4 3 3
leaf_count=3 3 7 3 3 5 4 3 3
internal_value=-0.0117647 -0.0363636 0 0.0333333 0.0333333 0.0111111 -0.08 0.0666667
internal_weight=34 22 12 9 12 9 10 6
internal_count=34 22 12 9 12 9 10 6
is_linear=0
shrinkage=0.1


Tree=79
num_leaves=9
num_cat=0
split_feature=18 69 52 18 18 72 38 88
split_gain=3.77184 3.49091 4 2 1.77778 1.08889 0.933333 0.666667
threshold=0.1738845621851173 0.21101188013221647 1.0000000180025095e-35 1.0000000180025095e-35 0.18427202432779341 0.4305189124259679 0.30885963566050584 1.0000000180025095e-35
decision_type=2 2 2 2 2 2 2 2
left_child=1 2 3 7 -2 -6 -3 -1
right_child=4 6 -4 -5 5 -7 -8 -9
leaf_value=0.12627703749458305 0.15579944742494264 -7.2824833509454043 -0.015810790657997131 -0.29433304832200519 -2.5878554217517378 25.199915715749377 -4.7448394206643574 2.9605326493619941
leaf_weight=3.0000000000000018 2.9999999999999991 6.9999999999999982 2.9999999999999991 3 4.9999999999999982 4 3 3
leaf_count=3 3 7 3 3 5 4 3 3
internal_value=-0.0117647 -0.0363636 0 0.0333333 0.0333333 0.0111111 -0.08 0.0666667
internal_weight=34 22 12 9 12 9 10 6
internal_count=34 22 12 9 12 9 10 6
is_linear=0
shrinkage=0.1


Tree=80
num_leaves=9
num_cat=0
split_feature=18 69 52 18 18 72 38 88
split_gain=3.77184 3.49091 4 2 1.77778 1.08889 0.933333 0.666667
threshold=0.1738845621851173 0.21101188013221647 1.0000000180025095e-35 1.0000000180025095e-35 0.18427202432779341 0.4305189124259679 0.30885963566050584 1.0000000180025095e-35
decision_type=2 2 2 2 2 2 2 2
left_child=1 2 3 7 -2 -6 -3 -1
right_child=4 6 -4 -5 5 -7 -8 -9
leaf_value=0.11364933374570683 0.14021950268070213 -6.5542350158502813 -0.014229711593361572 -0.26489974348805845 -2.3290698795753997 22.679924144176766 -4.2703554785985034 2.6644793844257948
leaf_weight=3.0000000000000018 2.9999999999999991 6.9999999999999982 2.9999999999999991 3 4.9999999999999982 4 3 3
leaf_count=3 3 7 3 3 5 4 3 3
internal_value=-0.0117647 -0.0363636 0 0.0333333 0.0333333 0.0111111 -0.08 0.0666667
internal_weight=34 22 12 9 12 9 10 6
internal_count=34 22 12 9 12 9 10 6
is_linear=0
shrinkage=0.1


Tree=81
num_leaves=9
num_cat=0
split_feature=18 69 52 18 18 72 38 88
split_gain=3.77184 3.49091 4 2 1.77778 1.08889 0.933333 0.666667
threshold=0.1738845621851173 0.21101188013221647 1.0000000180025095e-35 1.0000000180025095e-35 0.18427202432779341 0.4305189124259679 0.30885963566050584 1.0000000180025095e-35
decision_type=2 2 2 2 2 2 2 2
left_child=1 2 3 7 -2 -6 -3 -1
right_child=4 6 -4 -5 5 -7 -8 -9
leaf_value=0.10228440036880784 0.12619755241321401 -5.8988115142652537 -0.012806740432279185 -0.2384097691392526 -2.0961628916207702 20.41193172975909 -3.8433199307386534 2.3980314459826331
leaf_weight=3.0000000000000018 2.9999999999999991 6.9999999999999982 2.9999999999999991 3 4.9999999999999982 4 3 3
leaf_count=3 3 7 3 3 5 4 3 3
internal_value=-0.0117647 -0.0363636 0 0.0333333 0.0333333 0.0111111 -0.08 0.0666667
internal_weight=34 22 12 9 12 9 10 6
internal_count=34 22 12 9 12 9 10 6
is_linear=0
shrinkage=0.1


Tree=82
num_leaves=9
num_cat=0
split_feature=18 69 52 18 18 72 38 88
split_gain=3.77184 3.49091 4 2 1.77778 1.08889 0.933333 0.666667
threshold=0.1738845621851173 0.21101188013221647 1.0000000180025095e-35 1.0000000180025095e-35 0.18427202432779341 0.4305189124259679 0.30885963566050584 1.0000000180025095e-35
decision_type=2 2 2 2 2 2 2 2
left_child=1 2 3 7 -2 -6 -3 -1
right_child=4 6 -4 -5 5 -7 -8 -9
leaf_value=0.092055960331344985 0.11357779717072845 -5.3089303628396012 -0.011526066390797497 -0.21456879222532735 -1.8865466024610216 18.370738556794823 -3.458987937663915 2.1582283013849519
leaf_weight=3.0000000000000018 2.9999999999999991 6.9999999999999982 2.9999999999999991 3 4.9999999999999982 4 3 3
leaf_count=3 3 7 3 3 5 4 3 3
internal_value=-0.0117647 -0.0363636 0 0.0333333 0.0333333 0.0111111 -0.08 0.0666667
internal_weight=34 22 12 9 12 9 10 6
internal_count=34 22 12 9 12 9 10 6
is_linear=0
shrinkage=0.1


Tree=83
num_leaves=9
num_cat=0
split_feature=18 69 52 18 18 72 38 88
split_gain=3.77184 3.49091 4 2 1.77778 1.08889 0.933333 0.666667
threshold=0.1738845621851173 0.21101188013221647 1.0000000180025095e-35 1.0000000180025095e-35 0.18427202432779341 0.4305189124259679 0.30885963566050584 1.0000000180025095e-35
decision_type=2 2 2 2 2 2 2 2
left_child=1 2 3 7 -2 -6 -3 -1
right_child=4 6 -4 -5 5 -7 -8 -9
leaf_value=0.082850364298792556 0.10222001745132731 -4.7780373265559319 -0.010373459750553593 -0.19311191300512293 -1.6978919422137553 16.533664701110684 -3.1130891438981054 1.9424054712464569
leaf_weight=3.0000000000000018 2.9999999999999991 6.9999999999999982 2.9999999999999991 3 4.9999999999999982 4 3 3
leaf_count=3 3 7 3 3 5 4 3 3
internal_value=-0.0117647 -0.0363636 0 0.0333333 0.0333333 0.0111111 -0.08 0.0666667
internal_weight=34 22 12 9 12 9 10 6
internal_count=34 22 12 9 12 9 10 6
is_linear=0
shrinkage=0.1


Tree=84
num_leaves=9
num_cat=0
split_feature=18 69 52 18 18 72 38 88
split_gain=3.77184 3.49091 4 2 1.77778 1.08889 0.933333 0.666667
threshold=0.1738845621851173 0.21101188013221647 1.0000000180025095e-35 1.0000000180025095e-35 0.18427202432779341 0.4305189124259679 0.30885963566050584 1.0000000180025095e-35
decision_type=2 2 2 2 2 2 2 2
left_child=1 2 3 7 -2 -6 -3 -1
right_child=4 6 -4 -5 5 -7 -8 -9
leaf_value=0.074565327866002923 0.091998015705030411 -4.3002335939003391 -0.0093361137784086171 -0.17380072170635685 -1.5281027479912155 14.8802982310066 -2.8017802295071306 1.7481649241235573
leaf_weight=3.0000000000000018 2.9999999999999991 6.9999999999999982 2.9999999999999991 3 4.9999999999999982 4 3 3
leaf_count=3 3 7 3 3 5 4 3 3
internal_value=-0.0117647 -0.0363636 0 0.0333333 0.0333333 0.0111111 -0.08 0.0666667
internal_weight=34 22 12 9 12 9 10 6
internal_count=34 22 12 9 12 9 10 6
is_linear=0
shrinkage=0.1


Tree=85
num_leaves=9
num_cat=0
split_feature=18 69 52 18 18 72 38 88
split_gain=3.77184 3.49091 4 2 1.77778 1.08889 0.933333 0.666667
threshold=0.1738845621851173 0.21101188013221647 1.0000000180025095e-35 1.0000000180025095e-35 0.18427202432779341 0.4305189124259679 0.30885963566050584 1.0000000180025095e-35
decision_type=2 2 2 2 2 2 2 2
left_child=1 2 3 7 -2 -6 -3 -1
right_child=4 6 -4 -5 5 -7 -8 -9
leaf_value=0.06710879508173094 0.08279821413452737 -3.870210234509432 -0.0084025024028960612 -0.15642064953572118 -1.3752924731932581 13.392268407903613 -2.5216022065549626 1.5733484317082913
leaf_weight=3.0000000000000018 2.9999999999999991 6.9999999999999982 2.9999999999999991 3 4.9999999999999982 4 3 3
leaf_count=3 3 7 3 3 5 4 3 3
internal_value=-0.0117647 -0.0363636 0 0.0333333 0.0333333 0.0111111 -0.08 0.0666667
internal_weight=34 22 12 9 12 9 10 6
internal_count=34 22 12 9 12 9 10 6
is_linear=0
shrinkage=0.1


Tree=86
num_leaves=9
num_cat=0
split_feature=18 69 52 18 18 72 38 88
split_gain=3.77184 3.49091 4 2 1.77778 1.08889 0.933333 0.666667
threshold=0.1738845621851173 0.21101188013221647 1.0000000180025095e-35 1.0000000180025095e-35 0.18427202432779341 0.4305189124259679 0.30885963566050584 1.0000000180025095e-35
decision_type=2 2 2 2 2 2 2 2
left_child=1 2 3 7 -2 -6 -3 -1
right_child=4 6 -4 -5 5 -7 -8 -9
leaf_value=0.060397915571229532 0.074518392723985014 -3.4831892110581979 -0.0075622521631885323 -0.14077858458040282 -1.2377632258750966 12.053041567117909 -2.2694419859006305 1.4160135885351339
leaf_weight=3.0000000000000018 2.9999999999999991 6.9999999999999982 2.9999999999999991 3 4.9999999999999982 4 3 3
leaf_count=3 3 7 3 3 5 4 3 3
internal_value=-0.0117647 -0.0363636 0 0.0333333 0.0333333 0.0111111 -0.08 0.0666667
internal_weight=34 22 12 9 12 9 10 6
internal_count=34 22 12 9 12 9 10 6
is_linear=0
shrinkage=0.1


Tree=87
num_leaves=9
num_cat=0
split_feature=18 69 52 18 18 72 38 88
split_gain=3.77184 3.49091 4 2 1.77778 1.08889 0.933333 0.666667
threshold=0.1738845621851173 0.21101188013221647 1.0000000180025095e-35 1.0000000180025095e-35 0.18427202432779341 0.4305189124259679 0.30885963566050584 1.0000000180025095e-35
decision_type=2 2 2 2 2 2 2 2
left_child=1 2 3 7 -2 -6 -3 -1
right_child=4 6 -4 -5 5 -7 -8 -9
leaf_value=0.054358124011196197 0.067066553450422367 -3.1348702899529601 -0.0068060269462876027 -0.12670072612236255 -1.113986903289333 10.847737410408445 -2.0424977873102761 1.2744122296804563
leaf_weight=3.0000000000000018 2.9999999999999991 6.9999999999999982 2.9999999999999991 3 4.9999999999999982 4 3 3
leaf_count=3 3 7 3 3 5 4 3 3
internal_value=-0.0117647 -0.0363636 0 0.0333333 0.0333333 0.0111111 -0.08 0.0666667
internal_weight=34 22 12 9 12 9 10 6
internal_count=34 22 12 9 12 9 10 6
is_linear=0
shrinkage=0.1


Tree=88
num_leaves=9
num_cat=0
split_feature=18 69 52 18 18 72 38 88
split_gain=3.77184 3.49091 4 2 1.77778 1.08889 0.933333 0.666667
threshold=0.1738845621851173 0.21101188013221647 1.0000000180025095e-35 1.0000000180025095e-35 0.18427202432779341 0.4305189124259679 0.30885963566050584 1.0000000180025095e-35
decision_type=2 2 2 2 2 2 2 2
left_child=1 2 3 7 -2 -6 -3 -1
right_child=4 6 -4 -5 5 -7 -8 -9
leaf_value=0.048922311607748271 0.060359898104798054 -2.8213832609588283 -0.0061254242493305362 -0.11403065351187253 -1.002588212961564 9.7629636693745852 -1.8382480085798307 1.1469710067147389
leaf_weight=3.0000000000000018 2.9999999999999991 6.9999999999999982 2.9999999999999991 3 4.9999999999999982 4 3 3
leaf_count=3 3 7 3 3 5 4 3 3
internal_value=-0.0117647 -0.0363636 0 0.0333333 0.0333333 0.0111111 -0.08 0.0666667
internal_weight=34 22 12 9 12 9 10 6
internal_count=34 22 12 9 12 9 10 6
is_linear=0
shrinkage=0.1


Tree=89
num_leaves=9
num_cat=0
split_feature=18 69 52 18 18 72 38 88
split_gain=3.77184 3.49091 4 2 1.77778 1.08889 0.933333 0.666667
threshold=0.1738845621851173 0.21101188013221647 1.0000000180025095e-35 1.0000000180025095e-35 0.18427202432779341 0.4305189124259679 0.30885963566050584 1.0000000180025095e-35
decision_type=2 2 2 2 2 2 2 2
left_child=1 2 3 7 -2 -6 -3 -1
right_child=4 6 -4 -5 5 -7 -8 -9
leaf_value=0.044030080444645139 0.054323908296646552 -2.5392449348641097 -0.0055128818261437123 -0.1026275881624315 -0.90232939166598958 8.7866673024371273 -1.6544232077227208 1.0322739060444293
leaf_weight=3.0000000000000018 2.9999999999999991 6.9999999999999982 2.9999999999999991 3 4.9999999999999982 4 3 3
leaf_count=3 3 7 3 3 5 4 3 3
internal_value=-0.0117647 -0.0363636 0 0.0333333 0.0333333 0.0111111 -0.08 0.0666667
internal_weight=34 22 12 9 12 9 10 6
internal_count=34 22 12 9 12 9 10 6
is_linear=0
shrinkage=0.1


Tree=90
num_leaves=9
num_cat=0
split_feature=18 69 52 18 18 72 38 88
split_gain=3.77184 3.49091 4 2 1.77778 1.08889 0.933333 0.666667
threshold=0.1738845621851173 0.21101188013221647 1.0000000180025095e-35 1.0000000180025095e-35 0.18427202432779341 0.4305189124259679 0.30885963566050584 1.0000000180025095e-35
decision_type=2 2 2 2 2 2 2 2
left_child=1 2 3 7 -2 -6 -3 -1
right_child=4 6 -4 -5 5 -7 -8 -9
leaf_value=0.039627072401344776 0.048891517467563976 -2.2853204413782806 -0.0049615936412010344 -0.092364829347934579 -0.81209645249764439 7.9080005721887581 -1.4889808869513219 0.9290465154394042
leaf_weight=3.0000000000000018 2.9999999999999991 6.9999999999999982 2.9999999999999991 3 4.9999999999999982 4 3 3
leaf_count=3 3 7 3 3 5 4 3 3
internal_value=-0.0117647 -0.0363636 0 0.0333333 0.0333333 0.0111111 -0.08 0.0666667
internal_weight=34 22 12 9 12 9 10 6
internal_count=34 22 12 9 12 9 10 6
is_linear=0
shrinkage=0.1


Tree=91
num_leaves=9
num_cat=0
split_feature=18 69 52 18 18 72 38 88
split_gain=3.77184 3.49091 4 2 1.77778 1.08889 0.933333 0.666667
threshold=0.1738845621851173 0.21101188013221647 1.0000000180025095e-35 1.0000000180025095e-35 0.18427202432779341 0.4305189124259679 0.30885963566050584 1.0000000180025095e-35
decision_type=2 2 2 2 2 2 2 2
left_child=1 2 3 7 -2 -6 -3 -1
right_child=4 6 -4 -5 5 -7 -8 -9
leaf_value=0.035664365161210299 0.04400236572255381 -2.0567883972398704 -0.0044654342753347011 -0.083128346415469428 -0.73088680724613375 7.1172005149768669 -1.3400827982550254 0.83614186389604583
leaf_weight=3.0000000000000018 2.9999999999999991 6.9999999999999982 2.9999999999999991 3 4.9999999999999982 4 3 3
leaf_count=3 3 7 3 3 5 4 3 3
internal_value=-0.0117647 -0.0363636 0 0.0333333 0.0333333 0.0111111 -0.08 0.0666667
internal_weight=34 22 12 9 12 9 10 6
internal_count=34 22 12 9 12 9 10 6
is_linear=0
shrinkage=0.1


Tree=92
num_leaves=9
num_cat=0
split_feature=18 69 52 18 18 72 38 88
split_gain=3.77184 3.49091 4 2 1.77778 1.08889 0.933333 0.666667
threshold=0.1738845621851173 0.21101188013221647 1.0000000180025095e-35 1.0000000180025095e-35 0.18427202432779341 0.4305189124259679 0.30885963566050584 1.0000000180025095e-35
decision_type=2 2 2 2 2 2 2 2
left_child=1 2 3 7 -2 -6 -3 -1
right_child=4 6 -4 -5 5 -7 -8 -9
leaf_value=0.032097928645089271 0.03960212914971635 -1.8511095575173386 -0.004018890846055001 -0.074815511773340407 -0.65779812652035619 6.4054804634768523 -1.2060745184309782 0.75252767750644134
leaf_weight=3.0000000000000018 2.9999999999999991 6.9999999999999982 2.9999999999999991 3 4.9999999999999982 4 3 3
leaf_count=3 3 7 3 3 5 4 3 3
internal_value=-0.0117647 -0.0363636 0 0.0333333 0.0333333 0.0111111 -0.08 0.0666667
internal_weight=34 22 12 9 12 9 10 6
internal_count=34 22 12 9 12 9 10 6
is_linear=0
shrinkage=0.1


Tree=93
num_leaves=9
num_cat=0
split_feature=18 69 52 18 18 72 38 88
split_gain=3.77184 3.49091 4 2 1.77778 1.08889 0.933333 0.666667
threshold=0.1738845621851173 0.21101188013221647 1.0000000180025095e-35 1.0000000180025095e-35 0.18427202432779341 0.4305189124259679 0.30885963566050584 1.0000000180025095e-35
decision_type=2 2 2 2 2 2 2 2
left_child=1 2 3 7 -2 -6 -3 -1
right_child=4 6 -4 -5 5 -7 -8 -9
leaf_value=0.028888135781744498 0.035641916235908865 -1.6659986017650228 -0.003617001761449501 -0.06733396059717052 -0.59201831386890269 5.76493241712451 -1.0854670665867161 0.67727490975521509
leaf_weight=3.0000000000000018 2.9999999999999991 6.9999999999999982 2.9999999999999991 3 4.9999999999999982 4 3 3
leaf_count=3 3 7 3 3 5 4 3 3
internal_value=-0.0117647 -0.0363636 0 0.0333333 0.0333333 0.0111111 -0.08 0.0666667
internal_weight=34 22 12 9 12 9 10 6
internal_count=34 22 12 9 12 9 10 6
is_linear=0
shrinkage=0.1


Tree=94
num_leaves=9
num_cat=0
split_feature=18 69 52 18 18 72 38 88
split_gain=3.77184 3.49091 4 2 1.77778 1.08889 0.933333 0.666667
threshold=0.1738845621851173 0.21101188013221647 1.0000000180025095e-35 1.0000000180025095e-35 0.18427202432779341 0.4305189124259679 0.30885963566050584 1.0000000180025095e-35
decision_type=2 2 2 2 2 2 2 2
left_child=1 2 3 7 -2 -6 -3 -1
right_child=4 6 -4 -5 5 -7 -8 -9
leaf_value=0.025999322201823816 0.032077724614646287 -1.4993987415888115 -0.0032553015858866278 -0.060600564535707238 -0.53281648248084823 5.1884391754167156 -0.97692035992804449 0.60954741878085772
leaf_weight=3.0000000000000018 2.9999999999999991 6.9999999999999982 2.9999999999999991 3 4.9999999999999982 4 3 3
leaf_count=3 3 7 3 3 5 4 3 3
internal_value=-0.0117647 -0.0363636 0 0.0333333 0.0333333 0.0111111 -0.08 0.0666667
internal_weight=34 22 12 9 12 9 10 6
internal_count=34 22 12 9 12 9 10 6
is_linear=0
shrinkage=0.1


Tree=95
num_leaves=9
num_cat=0
split_feature=18 69 52 18 18 72 38 88
split_gain=3.77184 3.49091 4 2 1.77778 1.08889 0.933333 0.666667
threshold=0.1738845621851173 0.21101188013221647 1.0000000180025095e-35 1.0000000180025095e-35 0.18427202432779341 0.4305189124259679 0.30885963566050584 1.0000000180025095e-35
decision_type=2 2 2 2 2 2 2 2
left_child=1 2 3 7 -2 -6 -3 -1
right_child=4 6 -4 -5 5 -7 -8 -9
leaf_value=0.023399389983387666 0.028869952150853351 -1.3494588674308035 -0.0029297714296262715 -0.054540508083300666 -0.47953483423334547 4.6695952578680595 -0.87922832393669526 0.548592676903354
leaf_weight=3.0000000000000018 2.9999999999999991 6.9999999999999982 2.9999999999999991 3 4.9999999999999982 4 3 3
leaf_count=3 3 7 3 3 5 4 3 3
internal_value=-0.0117647 -0.0363636 0 0.0333333 0.0333333 0.0111111 -0.08 0.0666667
internal_weight=34 22 12 9 12 9 10 6
internal_count=34 22 12 9 12 9 10 6
is_linear=0
shrinkage=0.1


Tree=96
num_leaves=9
num_cat=0
split_feature=18 69 52 18 18 72 38 88
split_gain=3.77184 3.49091 4 2 1.77778 1.08889 0.933333 0.666667
threshold=0.1738845621851173 0.21101188013221647 1.0000000180025095e-35 1.0000000180025095e-35 0.18427202432779341 0.4305189124259679 0.30885963566050584 1.0000000180025095e-35
decision_type=2 2 2 2 2 2 2 2
left_child=1 2 3 7 -2 -6 -3 -1
right_child=4 6 -4 -5 5 -7 -8 -9
leaf_value=0.021059450984466821 0.025982956937514248 -1.2145129806885961 -0.0026367942860815678 -0.049086457275552678 -0.43158135081175719 4.2026357320835812 -0.79130549154360785 0.49373340921010822
leaf_weight=3.0000000000000018 2.9999999999999991 6.9999999999999982 2.9999999999999991 3 4.9999999999999982 4 3 3
leaf_count=3 3 7 3 3 5 4 3 3
internal_value=-0.0117647 -0.0363636 0 0.0333333 0.0333333 0.0111111 -0.08 0.0666667
internal_weight=34 22 12 9 12 9 10 6
internal_count=34 22 12 9 12 9 10 6
is_linear=0
shrinkage=0.1


Tree=97
num_leaves=9
num_cat=0
split_feature=18 69 52 18 18 72 38 88
split_gain=3.77184 3.49091 4 2 1.77778 1.08889 0.933333 0.666667
threshold=0.1738845621851173 0.21101188013221647 1.0000000180025095e-35 1.0000000180025095e-35 0.18427202432779341 0.4305189124259679 0.30885963566050584 1.0000000180025095e-35
decision_type=2 2 2 2 2 2 2 2
left_child=1 2 3 7 -2 -6 -3 -1
right_child=4 6 -4 -5 5 -7 -8 -9
leaf_value=0.018953505886020142 0.023384661244926976 -1.0930616826197366 -0.0023731148568913343 -0.044177811546251181 -0.3884232157317456 3.7823721588822083 -0.71217494238808288 0.44436006828909741
leaf_weight=3.0000000000000018 2.9999999999999991 6.9999999999999982 2.9999999999999991 3 4.9999999999999982 4 3 3
leaf_count=3 3 7 3 3 5 4 3 3
internal_value=-0.0117647 -0.0363636 0 0.0333333 0.0333333 0.0111111 -0.08 0.0666667
internal_weight=34 22 12 9 12 9 10 6
internal_count=34 22 12 9 12 9 10 6
is_linear=0
shrinkage=0.1


Tree=98
num_leaves=9
num_cat=0
split_feature=18 69 52 18 18 72 38 88
split_gain=3.77184 3.49091 4 2 1.77778 1.08889 0.933333 0.666667
threshold=0.1738845621851173 0.21101188013221647 1.0000000180025095e-35 1.0000000180025095e-35 0.18427202432779341 0.4305189124259679 0.30885963566050584 1.0000000180025095e-35
decision_type=2 2 2 2 2 2 2 2
left_child=1 2 3 7 -2 -6 -3 -1
right_child=4 6 -4 -5 5 -7 -8 -9
leaf_value=0.017058155295671895 0.021046195121016353 -0.98375551435747188 -0.0021358033700380474 -0.039760030392790219 -0.34958089416031729 3.4041349429870027 -0.6409574481484015 0.39992406145902354
leaf_weight=3.0000000000000018 2.9999999999999991 6.9999999999999982 2.9999999999999991 3 4.9999999999999982 4 3 3
leaf_count=3 3 7 3 3 5 4 3 3
internal_value=-0.0117647 -0.0363636 0 0.0333333 0.0333333 0.0111111 -0.08 0.0666667
internal_weight=34 22 12 9 12 9 10 6
internal_count=34 22 12 9 12 9 10 6
is_linear=0
shrinkage=0.1


Tree=99
num_leaves=9
num_cat=0
split_feature=18 69 52 18 18 72 38 88
split_gain=3.77184 3.49091 4 2 1.77778 1.08889 0.933333 0.666667
threshold=0.1738845621851173 0.21101188013221647 1.0000000180025095e-35 1.0000000180025095e-35 0.18427202432779341 0.4305189124259679 0.30885963566050584 1.0000000180025095e-35
decision_type=2 2 2 2 2 2 2 2
left_child=1 2 3 7 -2 -6 -3 -1
right_child=4 6 -4 -5 5 -7 -8 -9
leaf_value=0.015352339763194323 0.018941575608914719 -0.8853799629228889 -0.0019222230301238598 -0.035784027352929119 -0.31462280474370347 3.0637214486952873 -0.57686170333472553 0.35993165531544946
leaf_weight=3.0000000000000018 2.9999999999999991 6.9999999999999982 2.9999999999999991 3 4.9999999999999982 4 3 3
leaf_count=3 3 7 3 3 5 4 3 3
internal_value=-0.0117647 -0.0363636 0 0.0333333 0.0333333 0.0111111 -0.08 0.0666667
internal_weight=34 22 12 9 12 9 10 6
internal_count=34 22 12 9 12 9 10 6
is_linear=0
shrinkage=0.1


end of trees

feature_importances:
Column_18=257
Column_69=114
Column_72=93
Column_52=90
Column_88=79
Column_38=77
Column_56=18
Column_83=12
Column_16=10
Column_93=9
Column_99=6
Column_40=4
Column_39=3
Column_35=1
Column_96=1

parameters:
[boosting: gbdt]
[objective: regression_l1]
[metric: l1]
[tree_learner: serial]
[device_type: cpu]
[data_sample_strategy: bagging]
[data: ]
[valid: ]
[num_iterations: 100]
[learning_rate: 0.1]
[num_leaves: 31]
[num_threads: 4]
[seed: 42]
[deterministic: 0]
[force_col_wise: 0]
[force_row_wise: 0]
[histogram_pool_size: -1]
[max_depth: -1]
[min_data_in_leaf: 3]
[min_sum_hessian_in_leaf: 0.001]
[bagging_fraction: 1]
[pos_bagging_fraction: 1]
[neg_bagging_fraction: 1]
[bagging_freq: 0]
[bagging_seed: 400]
[bagging_by_query: 0]
[feature_fraction: 1]
[feature_fraction_bynode: 1]
[feature_fraction_seed: 30056]
[extra_trees: 0]
[extra_seed: 12879]
[early_stopping_round: 0]
[early_stopping_min_delta: 0]
[first_metric_only: 0]
[max_delta_step: 0]
[lambda_l1: 0]
[lambda_l2: 0]
[linear_lambda: 0]
[min_gain_to_split: 0]
[drop_rate: 0.1]
[max_drop: 50]
[skip_drop: 0.5]
[xgboost_dart_mode: 0]
[uniform_drop: 0]
[drop_seed: 17869]
[top_rate: 0.2]
[other_rate: 0.1]
[min_data_per_group: 100]
[max_cat_threshold: 32]
[cat_l2: 10]
[cat_smooth: 10]
[max_cat_to_onehot: 4]
[top_k: 20]
[monotone_constraints: ]
[monotone_constraints_method: basic]
[monotone_penalty: 0]
[feature_contri: ]
[forcedsplits_filename: ]
[refit_decay_rate: 0.9]
[cegb_tradeoff: 1]
[cegb_penalty_split: 0]
[cegb_penalty_feature_lazy: ]
[cegb_penalty_feature_coupled: ]
[path_smooth: 0]
[interaction_constraints: ]
[verbosity: 1]
[saved_feature_importance_type: 0]
[use_quantized_grad: 0]
[num_grad_quant_bins: 4]
[quant_train_renew_leaf: 0]
[stochastic_rounding: 1]
[linear_tree: 0]
[max_bin: 255]
[max_bin_by_feature: ]
[min_data_in_bin: 3]
[bin_construct_sample_cnt: 200000]
[data_random_seed: 175]
[is_enable_sparse: 1]
[enable_bundle: 1]
[use_missing: 1]
[zero_as_missing: 0]
[feature_pre_filter: 1]
[pre_partition: 0]
[two_round: 0]
[header: 0]
[label_column: ]
[weight_column: ]
[group_column: ]
[ignore_column: ]
[categorical_feature: ]
[forcedbins_filename: ]
[precise_float_parser: 0]
[parser_config_file: ]
[objective_seed: 16083]
[num_class: 1]
[is_unbalance: 0]
[scale_pos_weight: 1]
[sigmoid: 1]
[boost_from_average: 1]
[reg_sqrt: 0]
[alpha: 0.9]
[fair_c: 1]
[poisson_max_delta_step: 0.7]
[tweedie_variance_power: 1.5]
[lambdarank_truncation_level: 30]
[lambdarank_norm: 1]
[label_gain: ]
[lambdarank_position_bias_regularization: 0]
[eval_at: ]
[multi_error_top_k: 1]
[auc_mu_weights: ]
[num_machines: 1]
[local_listen_port: 12400]
[time_out: 120]
[machine_list_filename: ]
[machines: ]
[gpu_platform_id: -1]
[gpu_device_id: -1]
[gpu_device_id_list: ]
[gpu_use_dp: 0]
[num_gpu: 1]

end of parameters

pandas_categorical:null
